ID	IJC_SAMPLE_1	SJC_SAMPLE_1	IJC_SAMPLE_2	SJC_SAMPLE_2	IncFormLen	SkipFormLen
2	62,0,0,0,0,129,0,611,0,0,0,0,0	0,0,0,0,0,0,0,0,0,0,0,0,0	0,0,0,0,0,0,0,0,0,0	0,0,0,0,0,0,0,0,245,0	300	150
25	0,0,0,0,0,0,0,0,0,0,0,0,287	20,300,0,15,2,18,0,2,2,0,2,1,0	0,0,0,0,0,0,0,0,0,0	73,1,0,0,0,66,155,63,221,15	280	150
38	1,0,0,0,0,0,0,0,0,0,2,0,0	2,92,0,0,0,156,0,0,17,0,0,0,0	0,0,0,0,0,0,13,0,0,0	20,0,0,0,0,0,99,0,0,0	300	150
47	0,0,0,0,0,0,0,0,0,0,184,0,0	0,0,0,0,0,0,0,0,0,0,0,0,0	0,0,0,0,0,0,0,0,0,0	0,2,0,0,0,0,0,0,0,0	300	150
63	0,20,0,0,0,0,0,0,0,0,0,0,0	0,0,0,0,0,0,0,0,0,0,0,1,0	0,1,0,0,0,97,0,135,0,0	0,0,0,0,0,14,220,0,0,88	161	150
73	0,25,0,0,0,0,0,0,0,0,0,0,0	0,569,0,326,0,283,81,0,12,0,160,85,0	0,0,0,0,0,0,0,0,129,0	1,0,0,0,0,123,2,30,2,0	198	150
74	0,0,0,0,0,0,0,0,1,0,0,0,0	0,1,0,0,0,0,0,0,0,0,0,0,0	0,0,0,0,0,0,0,0,0,0	1,0,0,0,0,0,0,0,0,0	196	150
92	0,2,0,0,0,0,0,0,0,0,0,0,0	0,0,0,0,0,0,0,0,0,0,0,0,0	0,0,0,0,0,0,0,0,0,0	0,0,0,0,0,3,0,0,0,0	159	150
95	198,75,645,1,0,135,0,33,108,148,2145,1101,0	0,2,0,0,0,0,0,0,0,0,0,5,0	0,129,0,0,2,368,126,3,33,0	0,0,0,0,0,0,0,0,0,0	300	150
107	0,86,0,0,0,0,0,7,37,0,0,218,0	0,0,0,0,0,0,0,0,0,0,0,0,0	0,0,0,0,0,42,72,0,0,0	0,0,0,0,0,50,0,0,0,0	262	150
108	0,459,0,0,0,0,0,8,113,0,0,218,0	0,0,0,0,0,0,0,0,0,0,0,0,0	0,0,0,0,0,226,72,0,0,0	0,0,0,0,0,50,0,0,0,0	208	150
125	0,31,0,0,0,0,0,728,13,0,0,0,0	0,85,0,0,0,16,0,0,0,0,0,0,0	0,0,0,0,0,0,0,3,0,0	0,161,0,0,0,0,0,0,0,2	176	150
146	0,0,0,0,0,0,0,0,2,0,0,0,0	0,0,0,0,0,0,0,0,0,0,0,0,0	0,1,0,0,0,0,0,0,0,0	0,73,0,0,0,0,0,0,0,0	155	150
154	0,0,0,0,0,0,0,0,0,0,134,0,0	0,0,0,0,0,0,0,0,0,0,0,0,0	0,0,0,0,0,0,0,0,0,0	295,0,0,0,0,0,0,0,0,0	252	150
180	0,17,0,0,0,0,0,0,0,0,0,333,0	0,0,0,0,0,0,0,0,0,0,0,202,0	0,0,0,0,0,12,0,0,0,0	0,0,0,0,0,0,0,0,0,0	300	150
186	0,58,0,0,0,0,0,0,0,0,145,0,0	0,52,0,0,0,0,0,67,0,0,232,122,0	0,0,0,0,0,0,0,0,0,1	0,17,0,0,0,0,43,0,0,0	158	150
189	0,58,0,0,0,55,0,142,28,2,238,0,0	0,0,0,0,0,0,0,0,0,0,0,0,0	0,0,0,0,0,67,0,0,241,0	0,0,0,0,0,0,0,88,0,0	300	150
197	0,72,0,0,0,0,0,12,13,0,2,0,0	0,14,0,0,0,0,0,0,0,0,0,0,0	326,0,0,0,0,36,51,0,1,0	0,0,0,0,0,0,0,0,0,0	300	150
206	0,25,2,0,7,59,0,57,0,0,431,1,880	131,371,368,751,197,310,101,0,161,24,1312,3261,69	0,9,0,3,0,60,177,0,201,0	6,273,0,0,30,678,1573,130,596,232	251	150
210	0,187,0,1,2,36,0,115,2,0,197,19,0	0,43,0,0,0,0,0,0,0,0,0,0,0	23,0,0,0,0,229,1,205,208,153	0,0,0,0,0,0,337,0,0,0	158	150
218	0,0,0,0,0,0,0,0,0,0,0,114,0	0,1,0,0,3,0,0,0,0,0,0,0,0	0,0,0,0,0,1,0,0,0,0	0,0,0,0,0,0,0,0,0,0	300	150
228	0,192,0,0,0,0,0,0,0,0,0,0,0	0,0,0,0,0,0,0,0,2,0,0,0,0	0,0,0,0,0,0,0,0,0,0	0,0,0,0,0,0,0,0,19,0	189	150
235	0,0,0,0,0,0,0,8,0,0,0,0,0	0,0,0,0,0,0,0,0,0,0,0,0,0	0,332,0,0,0,0,2,0,0,0	0,0,0,0,0,0,84,0,0,0	300	150
258	0,0,0,0,0,0,0,0,0,0,0,214,0	0,0,0,0,0,0,0,0,0,0,0,0,0	0,0,0,0,0,7,0,0,0,0	81,0,0,0,0,2,4,0,0,0	300	150
274	0,0,0,0,0,0,0,0,0,0,0,0,0	0,19,0,77,0,0,0,0,0,0,0,0,0	0,0,0,0,0,0,0,0,22,0	0,0,0,0,0,132,1,0,0,0	267	150
280	0,2,0,0,0,0,0,0,0,0,0,0,0	0,0,0,0,0,0,0,0,0,0,0,0,0	0,0,0,0,0,0,0,0,0,0	0,0,0,0,0,0,46,0,0,0	300	150
281	0,0,0,102,0,3,0,0,0,0,158,0,0	0,1,0,0,0,0,0,0,0,0,0,0,0	0,0,0,0,0,0,0,0,2,0	0,0,0,0,0,0,0,0,0,0	236	150
289	0,0,0,0,0,0,0,0,0,0,0,0,0	0,38,0,0,0,0,0,0,0,0,0,0,0	0,0,0,0,0,0,0,147,0,0	0,0,0,0,0,0,0,0,0,0	168	150
293	8,126,0,0,0,142,0,0,11,7,24,333,0	0,0,0,0,0,0,0,0,0,0,170,0,0	0,6,0,0,10,88,382,0,0,69	0,0,0,0,0,99,0,0,0,0	300	150
294	8,73,0,0,0,0,0,0,0,7,0,0,0	0,0,0,0,0,0,0,0,0,0,170,0,0	0,6,0,0,0,0,174,0,0,10	0,0,0,0,0,99,0,0,0,0	300	150
300	27,0,0,0,0,0,0,0,0,0,0,0,0	0,119,0,0,0,0,0,0,0,0,0,0,0	0,0,0,0,0,2,0,0,0,0	0,0,0,0,0,0,0,0,0,0	274	150
303	27,0,0,0,0,0,0,0,0,0,0,0,0	0,9,0,0,0,0,0,0,0,0,1,0,0	0,0,0,0,0,0,0,0,0,0	0,0,0,1,0,12,0,0,0,0	155	150
319	0,0,0,0,0,0,0,0,0,0,305,0,0	4,49,0,0,0,0,0,0,35,0,0,0,88	0,0,0,0,0,0,0,0,0,0	0,0,0,0,0,4,0,0,0,0	203	150
323	10,74,0,192,0,0,0,0,0,0,0,0,0	0,63,0,0,0,0,0,0,2,0,0,0,0	0,0,0,0,0,0,264,0,0,0	0,0,0,1,0,49,0,0,0,1	158	150
347	0,0,0,0,0,198,0,0,0,0,0,0,0	0,0,0,0,0,0,0,0,0,0,0,0,0	0,0,0,0,0,0,2,0,0,0	0,0,0,0,0,18,0,0,0,0	204	150
385	0,0,0,0,0,66,0,0,36,0,0,0,0	25,0,0,0,0,0,0,0,0,0,0,0,0	0,0,0,0,0,0,0,0,0,0	0,0,0,0,0,0,67,0,0,0	158	150
417	0,103,0,0,0,0,0,10,0,0,0,0,0	0,0,0,0,0,6,0,0,0,0,0,0,0	0,0,0,0,0,0,0,0,2,0	0,0,0,0,0,0,0,0,0,0	162	150
419	0,0,0,0,0,0,0,0,0,0,0,0,0	0,0,0,25,0,0,0,0,0,0,0,0,0	0,0,0,0,0,0,1,0,0,0	132,0,0,0,0,4,0,0,0,0	172	150
425	30,11,0,0,0,0,0,0,10,0,0,0,0	0,0,0,0,1,24,0,0,0,0,0,0,0	0,0,0,0,0,27,0,0,0,0	0,0,0,0,0,0,70,0,0,0	190	150
427	163,68,0,0,0,0,0,0,0,0,0,0,0	0,0,0,0,0,0,0,0,2,79,0,0,0	0,0,0,0,0,0,0,0,0,0	2,0,0,0,0,0,12,1,0,0	285	150
439	0,64,0,0,0,1,0,0,0,0,0,0,0	0,66,270,0,0,11,52,0,5,0,149,77,0	48,2,0,0,0,0,0,101,0,0	0,90,0,0,0,9,262,2,0,0	300	150
447	6,1,0,0,0,167,0,0,18,0,0,0,0	0,37,0,0,0,0,0,0,0,0,0,0,0	3,0,0,0,3,34,244,0,0,0	0,0,0,0,0,0,0,0,0,0	164	150
449	4,86,0,0,0,0,0,0,12,0,58,0,0	0,0,0,0,0,0,0,0,10,0,16,0,0	0,0,0,0,0,111,79,0,59,0	2,0,0,0,0,1,0,0,133,0	300	150
455	0,0,0,0,0,0,0,0,0,0,264,183,0	0,10,61,241,0,0,0,0,24,0,0,0,0	0,9,0,0,0,65,41,0,0,0	134,0,0,0,0,2,1,0,0,0	153	150
461	8,0,0,0,0,0,0,0,0,0,0,0,0	47,0,0,0,0,0,0,0,3,0,0,176,0	0,0,0,0,0,0,0,0,0,0	0,0,0,0,0,26,10,46,0,0	300	150
495	0,0,0,0,0,0,0,0,0,0,0,0,0	0,114,0,0,0,0,0,0,0,0,0,0,0	0,0,0,0,0,82,0,0,0,0	0,0,0,0,0,16,5,0,0,0	300	150
503	0,46,0,78,2,9,0,6,0,0,12,0,0	0,0,0,0,0,0,0,0,22,0,0,0,0	0,0,0,0,0,65,3,0,0,0	0,0,0,0,0,3,0,0,0,0	199	150
504	45,23,0,0,0,13,0,0,0,0,0,0,0	0,2,0,0,0,0,0,0,0,0,0,0,0	0,54,0,0,0,0,91,0,0,0	0,0,0,0,0,0,0,0,0,0	150	150
506	15,0,1,0,0,0,0,0,30,0,102,0,0	0,0,0,0,0,146,0,0,9,0,2,0,0	0,0,0,0,0,0,0,0,188,0	0,297,0,0,0,0,0,1,0,0	300	150
510	0,0,0,0,0,201,0,0,6,0,0,0,0	36,0,0,0,0,0,0,0,0,0,0,0,0	0,0,0,0,2,0,0,0,0,0	0,0,0,0,0,0,0,0,0,0	197	150
511	0,3,0,0,0,201,0,0,3,0,0,0,0	0,0,0,0,0,0,0,0,0,0,0,0,0	0,0,0,0,2,0,0,0,0,0	0,0,0,0,0,0,0,0,0,2	197	150
513	0,0,0,0,0,0,0,0,0,0,458,0,0	0,0,0,0,0,0,0,0,0,0,0,0,0	0,0,0,0,0,0,0,0,0,0	0,28,0,0,0,0,1,0,0,0	286	150
530	0,18,0,0,0,80,0,0,0,0,0,324,0	0,0,0,0,0,0,0,0,2,1054,0,0,0	0,0,0,133,0,0,166,0,169,2	0,0,0,0,0,37,0,0,0,0	168	150
544	0,0,0,0,0,127,0,0,0,0,11,0,0	0,0,0,0,0,4,0,0,0,0,13,0,0	0,0,0,0,0,0,187,0,0,0	0,0,0,0,0,0,414,0,0,0	300	150
562	0,70,0,0,0,0,0,0,0,0,0,0,0	0,87,0,0,0,0,0,0,0,0,0,0,0	0,0,0,0,0,0,0,41,100,0	0,0,0,0,0,39,0,0,0,0	300	150
564	0,0,0,0,0,0,0,0,0,0,79,0,0	0,113,0,0,0,0,0,77,0,0,0,0,0	0,0,0,0,0,0,0,0,0,0	0,1,0,0,0,0,0,0,0,0	160	150
570	0,0,0,0,0,0,0,0,30,0,0,0,0	0,63,0,0,0,0,1,0,0,0,315,1,0	0,0,0,0,0,0,0,0,0,0	12,0,0,0,0,32,146,157,519,83	300	150
582	0,0,0,18,0,0,0,0,0,0,0,0,0	0,0,0,0,0,0,0,0,0,0,0,0,0	0,0,0,194,0,81,0,0,0,0	0,0,0,0,0,0,0,0,0,144	212	150
587	0,0,372,28,0,0,0,0,0,0,0,0,0	0,0,0,0,0,0,0,0,27,0,0,0,0	0,0,0,0,0,0,0,0,428,0	0,0,0,0,0,0,0,0,0,0	300	150
588	0,0,0,0,0,0,0,0,0,0,0,375,0	9,0,0,0,0,227,0,0,0,0,0,0,0	0,0,0,0,0,0,0,0,0,0	0,0,0,0,2,0,0,0,0,0	152	150
597	0,56,0,0,0,0,0,0,0,0,0,0,0	0,22,0,0,0,0,0,0,0,0,0,0,0	0,14,0,0,0,1,0,0,0,0	0,0,0,0,0,0,0,0,0,0	300	150
603	0,0,0,0,0,0,0,0,0,0,0,0,0	0,101,0,0,259,66,0,0,20,0,0,332,0	0,0,0,0,118,0,88,0,0,0	0,0,0,0,42,70,636,0,184,62	233	150
609	0,103,0,0,0,392,1,0,0,0,0,0,0	0,34,0,0,0,0,0,0,5,0,0,0,0	366,29,0,0,0,3,296,0,0,4	0,0,0,0,0,65,0,0,0,0	200	150
614	112,503,18,508,0,635,0,1,73,5,191,577,65	24,0,0,0,0,0,0,0,0,0,0,0,0	449,443,0,0,21,335,382,4,146,258	0,0,0,0,0,0,47,0,0,0	215	150
616	0,0,0,22,0,0,0,0,0,0,0,432,0	0,0,0,0,0,0,0,0,0,0,0,1,0	1,391,0,0,0,43,419,0,129,0	0,0,0,0,0,0,0,0,0,0	270	150
625	0,0,0,0,0,0,0,0,0,0,0,6,0	0,131,0,0,0,0,0,0,0,0,0,1,0	0,0,0,0,0,0,0,0,0,0	0,0,0,318,0,6,11,0,0,0	300	150
633	0,0,0,9,1,0,0,421,0,0,0,0,0	0,0,0,0,0,0,0,0,0,0,0,0,0	3,0,0,0,0,21,41,0,0,0	0,0,0,0,0,0,0,133,0,0	152	150
637	0,46,0,0,0,0,0,0,19,0,0,308,0	0,0,0,0,0,0,0,0,0,0,0,0,0	0,185,0,0,0,7,0,0,0,0	0,0,0,0,0,0,0,0,220,0	300	150
650	0,0,0,0,0,0,0,0,0,0,0,0,0	2,0,0,0,0,0,0,0,0,0,0,0,0	0,0,0,0,0,0,0,1,0,0	0,0,0,0,0,0,0,0,0,0	228	150
652	0,0,0,0,0,0,0,0,0,0,0,0,0	0,0,0,0,123,0,0,0,0,0,0,0,0	0,0,0,0,0,0,0,4,0,0	0,0,0,0,0,0,0,127,0,0	162	150
665	0,316,0,0,124,86,0,0,2,0,306,14,0	0,26,0,0,0,0,0,0,0,0,0,0,0	0,0,0,0,0,6,40,53,1,0	0,0,0,0,0,0,0,0,0,0	300	150
687	0,0,0,0,0,0,0,148,0,0,0,0,0	0,46,0,0,0,0,0,0,0,0,0,0,0	0,0,0,0,0,80,2,0,0,0	0,0,0,0,0,24,0,0,0,0	200	150
688	0,72,0,0,0,0,0,0,0,0,0,0,0	33,243,0,0,0,36,0,0,43,142,50,0,0	0,0,0,0,0,0,0,0,0,0	0,0,0,66,0,83,4,0,187,0	160	150
689	0,91,0,0,0,0,0,0,0,0,0,0,0	0,14,0,0,0,0,0,0,0,0,282,0,0	0,0,0,0,0,0,148,0,0,31	0,0,0,0,0,49,0,0,0,0	297	150
693	0,0,0,0,0,0,62,0,0,0,0,0,0	0,30,0,0,0,0,0,0,0,0,0,339,0	0,0,0,0,0,0,0,0,0,0	0,0,0,0,0,9,0,0,0,0	194	150
697	0,0,0,0,0,0,0,0,1,0,1,1,1	4,56,0,0,0,0,0,0,14,1,717,1,0	1,0,0,0,0,0,2,0,0,1	0,282,0,0,43,61,391,144,0,285	247	150
713	0,0,0,0,0,1,0,0,1,1,0,1,0	81,35,156,0,0,0,0,0,0,0,0,200,0	1,0,0,0,1,45,231,0,0,119	0,8,0,0,0,42,200,0,0,0	275	150
717	0,0,0,0,115,0,0,0,12,0,0,2,0	0,3,0,0,0,331,0,0,0,0,0,0,0	461,0,0,0,0,28,0,0,0,0	0,0,0,0,0,103,0,0,0,0	300	150
724	0,0,0,0,0,0,0,0,0,0,0,0,0	6,0,0,0,99,13,0,0,4,0,0,21,0	0,0,0,0,0,1,0,0,0,0	0,0,0,0,0,37,0,0,0,0	153	150
725	0,0,410,0,3,0,0,21,4,0,2,29,2	27,0,0,0,0,0,0,0,0,0,0,0,0	0,0,0,0,2,0,99,19,0,0	0,0,0,0,0,0,0,0,0,0	251	150
726	0,0,0,0,0,0,0,0,0,0,25,0,0	0,0,0,0,0,0,0,0,0,0,0,0,0	0,0,0,0,0,0,0,0,0,0	0,0,0,0,0,5,169,0,0,0	300	150
727	0,0,0,159,0,0,0,0,0,0,0,0,0	0,28,0,0,0,2,0,0,0,0,687,0,0	0,0,0,0,0,0,99,0,0,0	0,69,0,0,0,65,173,1,0,0	174	150
742	0,0,0,0,0,0,0,8,0,0,0,0,0	0,0,0,0,0,0,0,0,0,0,0,0,0	0,0,0,0,0,0,0,0,0,0	0,0,0,0,0,2,0,0,44,0	197	150
747	0,29,0,0,0,266,0,0,22,2,532,0,0	0,13,0,0,0,0,0,0,0,0,0,0,0	0,0,0,0,0,13,117,5,101,0	0,0,0,0,0,0,0,0,0,0	167	150
753	0,0,440,0,0,0,0,0,0,0,0,1,0	49,153,4,95,0,407,0,1,13,8,40,1,0	0,0,0,0,0,0,0,0,0,0	4,393,0,0,4,376,35,161,252,0	275	150
754	57,326,18,0,1,369,0,166,99,0,217,3,0	0,0,0,0,0,0,0,0,0,0,0,0,0	150,0,0,1,0,31,429,80,181,0	0,0,0,0,0,0,23,0,0,0	151	150
757	0,29,0,0,0,0,0,0,0,0,0,0,0	0,0,2,0,0,0,0,0,0,0,0,0,0	0,0,0,0,0,11,0,0,0,116	0,0,0,0,0,0,0,136,0,19	195	150
782	0,106,0,0,0,0,0,0,0,0,0,0,0	0,0,0,0,0,0,0,0,0,0,59,0,0	0,0,0,0,0,47,465,0,1,0	0,0,0,0,0,0,0,0,0,0	158	150
786	0,45,0,0,0,0,0,0,0,0,0,323,0	0,0,0,0,0,0,0,1,0,0,0,0,0	0,0,0,0,0,0,0,29,0,36	0,0,0,0,0,0,52,0,0,0	182	150
788	0,0,0,0,0,41,0,0,0,0,0,0,0	0,0,0,0,0,98,0,0,0,0,0,0,0	0,0,0,0,0,0,0,0,0,0	0,0,0,0,0,0,223,0,0,0	182	150
799	0,292,0,0,0,0,0,2,0,0,0,0,0	0,0,0,0,0,0,0,0,0,0,0,0,0	0,112,0,0,0,0,102,0,83,0	0,0,0,0,1,0,0,0,0,0	158	150
802	0,0,0,0,0,0,0,0,0,0,0,0,0	0,0,408,0,0,0,0,0,0,0,0,0,0	0,558,0,0,0,0,0,5,0,0	0,0,0,0,0,0,0,0,0,0	180	150
811	0,0,0,0,0,0,0,0,1,0,0,0,0	0,57,0,0,0,0,0,0,0,0,0,0,0	326,0,0,0,0,0,0,0,0,0	0,0,0,0,0,0,0,0,0,0	171	150
816	0,0,0,0,0,0,0,0,34,1,6,0,0	0,0,0,0,0,0,0,0,0,0,0,128,0	0,0,0,0,0,3,33,0,260,100	52,0,0,0,18,0,13,0,0,0	161	150
837	0,0,0,0,0,0,0,15,0,0,0,0,0	0,0,0,0,0,0,0,0,0,0,0,0,0	0,0,0,0,0,0,0,0,0,0	0,0,0,0,0,0,0,0,17,0	153	150
850	0,3,193,0,0,148,0,0,0,0,0,1,0	0,0,0,0,0,0,0,0,0,0,1,0,0	20,0,0,0,0,0,0,0,16,0	0,0,0,0,0,0,0,0,0,49	224	150
860	0,0,0,0,0,0,0,0,0,0,0,131,0	0,0,0,0,0,0,0,0,9,0,0,0,0	0,0,0,0,0,0,0,0,0,0	0,0,0,0,0,0,0,11,0,0	300	150
870	24,277,0,0,0,0,0,0,14,0,0,0,0	9,0,0,0,20,0,0,0,0,0,96,0,0	199,0,0,0,0,48,0,0,1,0	0,212,0,0,0,0,6,0,0,0	164	150
882	0,0,0,19,0,0,0,0,14,0,0,0,0	0,0,0,0,0,0,0,0,0,0,0,0,0	0,0,0,0,0,1,0,0,0,2	0,0,0,0,0,0,0,0,123,0	300	150
883	0,0,0,0,0,0,0,0,0,0,0,0,0	0,0,0,0,0,0,0,0,0,1,0,0,0	0,0,0,0,0,2,0,0,0,0	0,0,0,0,0,0,0,0,0,0	159	150
891	0,71,0,0,0,15,0,0,5,0,0,0,0	0,150,0,0,0,170,0,0,8,0,1,1,0	0,126,0,0,0,74,0,0,81,0	0,0,0,0,0,0,0,0,0,0	158	150
902	0,2,0,0,0,45,0,0,23,0,0,0,0	0,55,0,0,207,0,0,0,0,0,0,0,0	0,0,0,0,0,32,0,0,0,0	0,0,0,1,1,0,318,0,0,0	170	150
908	0,0,0,0,0,0,0,0,13,0,0,0,0	0,0,0,0,0,0,0,0,0,0,0,0,0	0,219,0,0,0,7,0,0,0,17	0,1,0,0,0,0,0,0,0,0	150	150
934	0,0,0,0,0,1,0,0,0,0,0,0,0	0,0,0,0,0,0,0,0,0,0,0,0,0	0,0,0,0,0,0,0,0,0,0	0,1,0,0,0,0,0,0,0,0	182	150
937	0,0,0,0,0,0,0,0,0,0,0,8,0	0,0,0,0,0,0,0,0,0,0,0,204,0	69,0,0,0,0,0,0,0,0,4	0,0,0,0,0,0,0,0,0,0	197	150
944	2,131,0,1,0,0,0,0,28,0,0,0,0	9,0,0,0,0,0,0,0,0,0,0,0,0	1,0,0,0,0,0,149,1,0,0	0,0,0,0,0,0,0,0,0,0	209	150
947	0,0,0,0,0,0,1,0,0,0,0,0,1	39,102,0,0,0,0,0,0,1,0,7,0,0	0,0,0,0,0,16,0,0,0,0	0,0,0,0,0,29,247,0,0,183	220	150
979	0,46,0,0,0,0,0,1,0,0,0,1,1	0,0,0,0,0,0,0,0,0,0,0,0,0	0,0,0,0,0,0,0,0,0,0	0,0,0,0,0,2,0,0,0,0	189	150
981	0,1,0,0,0,0,0,0,0,0,0,0,0	0,3,0,0,0,0,0,0,0,0,0,0,0	0,0,0,0,0,0,0,0,0,0	0,0,0,0,0,0,0,0,11,0	188	150
982	0,0,0,0,0,0,0,0,0,0,0,0,0	115,1269,734,629,655,479,1,1404,240,83,3132,1742,0	0,0,0,0,0,59,0,0,0,0	1214,631,0,514,102,369,1455,343,600,0	153	150
997	0,0,0,0,0,0,0,0,34,0,0,0,0	0,0,0,0,0,0,0,0,0,0,0,0,0	0,0,0,0,0,0,0,0,0,0	0,0,0,0,0,0,10,0,2,0	263	150
1012	0,0,0,0,0,1,0,0,0,0,0,0,0	0,53,1,0,0,0,0,0,0,0,0,0,0	0,0,0,0,0,0,0,0,0,0	0,0,0,0,0,0,0,0,96,0	300	150
1028	0,0,0,0,0,0,0,0,0,0,0,0,0	0,0,0,0,0,0,0,0,33,0,0,0,0	0,0,0,0,0,28,0,0,0,0	47,0,0,0,0,0,51,0,190,0	155	150
1029	14,26,0,0,0,0,0,0,41,0,0,0,0	70,0,0,0,0,0,0,0,0,0,0,0,0	0,0,0,0,0,0,136,0,0,0	0,0,0,0,0,0,0,0,0,0	179	150
1036	0,0,0,0,0,0,0,0,0,0,0,0,0	6,167,0,0,37,1,0,0,9,0,299,1,0	87,0,0,0,0,0,0,0,0,0	0,355,0,0,0,168,282,76,0,173	182	150
1041	1,0,0,0,0,0,0,0,0,0,0,0,0	35,4,3,0,0,8,1,0,0,0,150,6,0	0,0,0,0,0,0,0,0,0,0	0,0,0,0,0,54,2,8,21,0	179	150
1049	56,23,0,0,82,497,2,1,0,344,293,4,0	0,1,0,0,0,0,0,0,1,0,309,0,0	0,45,0,106,4,145,264,128,0,0	0,0,0,0,0,2,0,0,0,0	254	150
1050	0,98,0,0,0,234,0,0,14,0,207,0,0	0,0,0,0,0,0,0,0,0,0,0,95,0	35,0,0,0,0,0,2,1,15,0	0,0,0,0,0,0,0,0,0,0	257	150
1051	0,0,0,0,0,100,0,0,0,0,0,0,0	0,0,0,0,0,0,0,0,24,0,0,0,0	0,0,0,0,0,0,263,0,0,0	0,0,0,0,0,0,0,2,0,0	300	150
1069	0,9,0,0,0,0,0,0,0,0,0,0,0	0,4,412,0,0,0,0,0,20,0,0,0,0	0,0,0,0,0,0,0,0,0,0	0,0,0,0,0,4,0,0,0,0	224	150
1079	0,0,0,0,0,0,0,0,0,0,0,0,0	3,0,0,0,0,0,0,0,0,0,0,0,0	0,0,0,0,0,0,0,0,0,50	0,0,0,0,0,0,0,0,0,0	300	150
1082	0,0,0,0,0,0,0,0,0,0,0,0,0	3,0,0,0,0,0,0,0,0,0,0,0,0	0,0,0,0,0,0,0,0,0,50	0,0,0,0,0,0,0,0,0,0	205	150
1087	0,68,0,0,0,0,0,0,0,0,0,0,0	0,0,0,0,0,0,0,0,0,0,0,0,0	0,0,0,0,0,0,43,0,0,0	0,0,0,0,0,0,128,0,0,0	300	150
1089	0,2,0,0,0,0,0,0,0,0,0,1,0	0,0,0,0,0,0,0,1,24,0,0,0,586	0,595,0,0,0,0,24,0,0,0	0,0,0,0,0,21,61,0,0,0	161	150
1091	0,0,0,0,0,0,0,0,0,0,18,0,0	0,0,0,0,0,0,0,0,0,0,0,0,0	0,0,0,0,0,0,0,0,0,0	0,0,0,0,0,0,1,0,0,0	215	150
1103	34,149,0,0,0,0,0,0,0,0,2,217,0	0,13,0,320,0,0,0,40,0,0,0,0,0	0,0,0,0,0,5,161,0,0,0	0,0,0,0,0,0,86,0,0,0	155	150
1114	0,0,0,0,0,0,0,0,0,0,0,0,0	0,112,0,0,0,0,0,0,0,0,0,0,0	0,0,0,0,0,0,0,0,1,0	0,0,0,0,0,0,0,0,46,0	300	150
1121	0,78,0,0,0,25,0,0,7,0,1,0,0	0,139,27,0,0,0,0,0,0,0,0,0,0	0,0,0,0,0,37,0,0,0,0	0,0,0,0,0,2,0,0,2,0	218	150
1128	66,1,0,0,0,0,0,0,19,2,0,0,0	0,26,0,0,0,0,0,0,0,0,0,0,0	0,0,0,0,0,2,4,0,220,0	0,0,0,0,0,0,0,0,0,0	300	150
1185	0,50,0,0,0,0,0,0,0,0,0,0,0	0,0,0,0,0,0,0,0,0,0,0,0,0	0,0,0,0,0,0,0,0,0,0	0,0,0,0,0,0,149,0,0,6	300	150
1188	105,0,0,0,0,0,0,0,0,0,0,0,0	0,0,0,0,0,0,0,0,0,0,0,0,0	0,0,0,0,0,0,0,0,67,0	0,0,0,0,0,28,0,0,0,0	173	150
1201	0,11,0,0,0,6,0,240,25,0,0,11,0	0,0,0,0,0,0,0,0,0,0,103,0,0	0,0,0,0,0,104,330,0,0,40	0,0,0,0,0,0,0,0,0,0	155	150
1232	0,0,1,0,0,0,0,0,0,0,0,0,0	0,0,0,0,0,1,0,0,0,0,0,0,0	109,0,0,0,0,0,9,0,0,0	0,0,0,0,0,0,0,2,0,0	300	150
1236	0,153,11,0,0,0,0,0,0,0,324,0,0	1,52,0,0,0,0,0,0,0,0,0,0,0	0,0,0,1,0,7,121,0,0,1	0,0,0,0,0,0,0,0,0,0	236	150
1240	0,0,0,0,0,0,0,0,0,0,0,0,0	0,0,0,0,0,0,0,0,42,0,0,0,0	9,95,0,0,0,26,0,0,0,0	0,0,0,0,0,0,0,0,0,0	243	150
1265	0,56,0,0,0,0,0,0,0,0,0,0,0	0,350,0,312,0,285,0,0,7,215,1443,1,0	0,0,0,0,0,0,0,0,0,0	63,12,0,0,0,161,804,6,130,0	259	150
1274	0,0,0,0,0,0,0,0,53,0,199,11,0	0,82,0,0,0,0,0,0,0,0,0,1,0	0,1,0,0,0,0,0,0,0,0	0,0,0,0,5,0,0,2,0,0	181	150
1326	0,47,0,259,0,86,0,0,8,0,266,0,0	0,0,0,0,0,62,0,0,0,0,0,0,0	1,0,0,0,0,1,0,46,0,41	0,0,0,0,0,0,0,0,0,0	254	150
1330	0,0,0,0,0,42,0,0,0,0,3,0,0	0,0,0,0,0,0,0,0,0,0,0,0,0	0,0,0,0,0,50,0,0,1,14	0,0,0,1,0,0,0,0,0,0	150	150
1331	0,0,0,0,0,0,0,0,14,0,2,0,0	0,0,0,0,0,0,0,0,0,0,0,0,0	0,0,0,0,0,0,1,0,0,0	0,0,0,0,0,0,102,0,0,0	150	150
1335	0,0,0,0,0,0,0,0,0,0,8,0,0	0,1,0,0,0,0,0,0,0,0,0,0,0	0,0,0,0,0,0,0,0,7,0	0,0,0,0,0,0,0,0,17,0	282	150
1341	1,78,0,363,0,0,0,0,0,0,0,0,0	0,0,6,0,0,0,0,0,0,0,0,0,0	92,0,0,0,0,28,13,0,0,0	0,0,0,0,0,0,0,0,0,0	185	150
1361	0,0,0,79,0,0,0,0,0,0,0,0,0	0,0,0,0,0,0,0,0,0,0,0,0,0	0,0,0,0,0,0,0,0,0,0	0,0,0,0,0,0,2,0,16,0	176	150
1369	0,0,0,0,0,0,0,0,0,0,0,0,0	0,0,0,0,0,0,0,283,19,0,0,0,0	0,0,0,0,0,0,2,0,0,0	0,0,0,0,0,0,0,0,0,0	300	150
1375	0,0,0,0,0,2,0,0,1,0,0,0,0	0,203,0,0,0,0,0,0,0,0,0,19,0	0,0,0,0,0,0,0,0,0,0	0,0,0,0,0,101,2,0,0,0	247	150
1381	0,2,0,190,114,194,0,0,0,0,1,194,0	0,0,0,0,0,0,0,0,0,0,0,0,0	0,0,0,0,0,0,13,0,0,15	0,0,0,0,0,1,0,0,0,0	282	150
1387	0,16,286,0,0,0,2,0,0,0,293,0,0	0,110,0,0,0,0,0,0,0,0,0,0,0	0,0,0,0,0,0,0,0,0,0	0,0,0,0,0,0,0,6,0,0	300	150
1389	0,4,0,0,0,0,0,0,0,0,0,0,0	0,0,0,0,0,8,0,0,0,0,0,0,0	0,0,0,0,0,0,0,0,0,0	0,0,0,0,0,0,0,0,16,0	300	150
1397	0,0,0,0,0,0,0,0,0,0,33,0,0	0,0,0,0,0,0,0,0,0,0,0,0,0	0,0,0,0,42,54,0,0,0,0	0,0,0,0,0,0,0,0,0,19	170	150
1399	0,0,0,0,0,0,0,0,0,0,0,0,0	0,106,0,0,0,0,0,18,0,0,0,0,0	7,0,0,0,0,0,0,0,0,0	0,0,0,0,0,191,8,0,0,0	156	150
1402	0,0,0,0,0,0,0,0,0,0,0,0,0	22,0,0,0,0,0,0,0,0,0,483,0,11	0,0,0,0,0,15,0,0,0,0	0,0,0,0,0,132,0,0,0,0	180	150
1406	0,0,0,0,0,0,0,0,0,0,0,0,0	0,0,0,0,0,0,75,0,13,0,0,0,0	0,0,0,0,0,0,24,0,0,73	0,37,0,0,0,0,0,0,0,0	161	150
1420	0,0,0,0,0,0,0,0,20,0,0,0,0	0,0,0,23,0,0,0,0,0,0,224,0,0	204,21,0,0,0,0,0,0,56,0	0,0,0,0,0,0,0,0,0,0	155	150
1432	0,123,291,0,0,225,0,1,0,0,0,0,0	0,0,0,0,0,29,0,0,0,0,0,0,0	1,0,0,0,0,0,93,0,1,0	0,0,0,0,0,0,0,0,0,0	192	150
1434	0,71,0,0,0,184,0,0,0,0,0,0,0	0,205,0,0,0,0,0,0,53,0,0,0,0	0,0,0,0,0,0,0,0,0,0	0,1,0,0,0,0,0,0,0,0	289	150
1441	0,108,0,0,0,0,0,0,0,0,0,0,0	0,0,0,0,0,0,0,0,23,0,0,0,0	0,0,0,0,0,0,0,0,0,89	0,0,0,0,0,0,0,0,0,0	300	150
1442	66,0,0,0,0,0,0,43,0,0,0,0,0	0,20,0,0,0,0,0,0,0,0,107,0,0	0,0,0,0,0,36,0,45,0,1	737,0,0,0,0,6,141,0,0,11	300	150
1445	0,117,0,0,101,0,0,0,0,0,0,0,0	0,5,0,0,0,0,0,0,0,0,0,0,0	0,33,0,0,0,52,0,1,0,0	0,0,0,0,0,0,0,0,0,0	182	150
1446	0,40,0,0,0,0,0,0,0,500,0,0,0	5,0,0,0,0,140,0,0,0,0,0,0,0	0,17,0,0,0,0,0,0,0,0	0,0,0,0,0,26,0,0,0,25	190	150
1457	0,49,0,0,0,0,0,0,0,0,0,0,0	0,0,0,0,0,0,0,0,0,0,0,0,0	0,0,0,0,0,112,0,0,0,0	0,0,0,0,0,0,0,0,595,0	300	150
1458	0,83,0,0,0,0,0,0,0,0,0,0,0	0,0,0,0,0,0,0,0,0,0,0,0,0	0,0,0,0,0,0,14,0,0,0	0,0,0,0,0,3,0,0,0,0	300	150
1465	0,30,0,0,0,0,0,0,0,0,0,0,0	0,0,0,0,0,0,0,0,0,0,0,0,1	233,0,0,0,0,0,0,0,4,0	0,48,0,0,0,0,0,0,0,0	170	150
1473	0,0,0,0,0,0,0,0,0,0,0,0,0	0,26,0,13,0,42,0,2,39,0,0,0,0	273,0,0,0,0,0,23,0,0,0	161,0,0,0,1,3,81,1,0,0	178	150
1482	1,10,0,0,0,0,0,0,0,0,9,0,0	0,0,0,0,0,0,0,0,0,0,253,0,0	443,0,0,0,0,0,0,0,0,0	0,0,0,0,0,0,0,0,0,0	208	150
1495	13,20,0,0,0,0,0,2,0,0,0,0,0	0,0,0,0,0,1,0,0,0,0,0,0,0	8,0,0,0,0,0,6,0,0,0	0,0,0,0,0,0,0,0,0,0	300	150
1499	0,0,0,0,0,0,0,0,0,0,0,0,0	0,13,0,0,0,0,0,0,0,0,0,0,0	0,0,0,0,0,0,52,0,0,0	0,0,0,0,0,0,0,0,0,0	296	150
1534	0,0,0,0,0,0,0,0,0,0,234,0,0	0,0,0,0,0,0,0,0,0,0,0,0,0	0,0,0,0,0,0,0,0,0,0	124,0,0,0,0,57,40,116,0,0	300	150
1537	0,0,0,0,0,0,0,0,0,0,0,0,0	0,0,0,0,0,0,0,0,15,0,0,0,0	440,0,0,0,0,0,0,0,0,0	0,0,0,0,0,0,0,0,13,0	237	150
1568	0,0,0,0,0,0,0,0,0,0,0,85,0	0,0,0,0,0,0,0,0,0,0,1,0,0	0,0,0,232,0,0,0,0,0,0	0,0,0,0,0,0,0,0,0,0	161	150
1570	0,0,0,0,0,0,0,0,0,25,265,0,0	0,20,0,0,0,120,0,0,0,0,0,0,0	0,0,0,0,0,0,0,0,0,0	0,0,0,0,0,0,0,0,270,0	220	150
1601	0,0,0,153,0,0,0,0,1,0,0,0,0	0,0,0,0,0,0,0,0,39,0,12,0,0	12,25,0,0,0,0,0,0,25,0	0,156,0,0,0,41,0,0,0,0	300	150
1613	2,0,1,0,0,0,0,0,0,0,0,0,0	0,0,0,0,0,0,0,0,17,0,0,0,0	0,0,0,0,5,0,0,0,0,0	0,0,0,0,0,0,0,0,0,0	300	150
1622	0,0,0,0,0,0,0,0,0,0,0,0,0	0,0,0,0,0,35,0,0,0,0,0,0,0	0,0,0,0,0,0,4,0,0,0	0,0,0,0,0,0,0,0,0,0	198	150
1626	2,0,0,0,0,0,0,0,0,0,0,0,0	0,76,1,0,0,3,0,0,0,0,0,0,0	0,0,0,0,0,0,0,0,0,0	4,0,0,0,0,32,148,0,85,0	188	150
1629	0,0,0,0,0,0,0,0,0,0,0,0,0	0,0,0,0,0,20,0,0,0,0,0,0,0	0,0,0,26,0,0,0,0,0,0	0,0,0,0,0,0,0,0,0,0	155	150
1675	0,0,0,0,0,0,0,0,10,0,0,0,0	0,90,0,204,0,0,0,0,7,0,3,0,0	0,0,0,0,0,58,0,0,0,0	0,0,0,0,0,0,0,0,29,11	266	150
1686	0,1,0,0,0,0,0,0,0,0,0,0,0	1,525,301,0,0,9,1,272,88,2,670,14,308	1,0,0,0,0,0,0,0,0,0	0,0,0,127,1,103,100,1,0,0	203	150
1690	0,35,0,0,0,0,0,0,0,0,0,0,0	0,60,0,435,0,0,0,0,0,0,0,0,0	0,0,0,0,18,0,0,0,0,0	244,0,0,0,0,0,0,0,178,160	155	150
1694	0,46,0,0,0,416,0,2,8,0,2,0,0	0,0,0,0,0,0,0,0,0,0,0,0,0	0,6,0,0,0,59,140,157,53,0	0,0,0,0,0,0,6,0,0,0	199	150
1700	0,170,0,0,1,143,0,5,24,0,0,0,0	0,155,0,0,0,0,0,0,0,0,0,209,0	83,0,0,0,0,0,4,0,0,0	0,0,0,0,0,0,0,0,0,0	278	150
1701	65,0,0,0,0,0,0,0,0,0,0,0,0	32,177,1,0,0,0,0,1,10,0,365,1,0	0,0,0,0,0,0,0,0,0,0	68,47,0,0,0,0,0,0,291,0	158	150
1702	65,0,0,0,0,0,0,0,0,0,0,0,0	32,177,1,0,0,0,0,1,10,0,365,1,0	0,0,0,0,0,15,0,0,0,0	68,47,0,0,0,0,0,0,291,0	161	150
1713	11,0,0,0,0,90,0,0,0,0,0,0,0	1,0,0,0,0,10,0,0,6,0,15,0,0	0,0,0,0,0,0,6,12,79,0	190,1,0,0,1,52,377,1,0,0	266	150
1721	0,0,0,0,0,0,0,0,0,0,0,0,0	0,1,0,0,0,0,0,0,0,0,0,0,0	0,0,0,0,0,0,56,0,0,0	0,0,0,0,0,0,0,0,46,0	192	150
1723	0,0,0,0,0,0,0,16,0,0,0,0,0	0,83,0,0,0,41,0,0,0,0,0,0,0	0,0,0,0,0,0,0,0,0,0	0,0,0,0,0,0,234,1,0,0	265	150
1728	0,0,0,0,0,0,0,0,0,0,0,0,0	0,0,0,0,0,0,0,0,0,0,176,0,0	0,0,0,0,0,17,0,0,1,0	0,0,0,0,0,0,61,0,0,0	300	150
1756	0,0,0,0,6,0,0,0,0,0,0,0,0	0,63,0,0,0,0,0,0,2,0,8,0,0	0,0,0,0,0,40,0,0,0,0	0,0,0,0,5,49,87,1,0,0	300	150
1762	0,0,0,0,0,0,0,0,0,0,0,280,0	140,44,0,0,0,0,0,0,0,0,0,0,0	0,0,0,0,0,0,0,54,0,0	0,0,0,0,0,0,0,12,0,0	176	150
1792	0,18,0,0,0,0,0,0,0,0,0,0,0	0,22,0,0,0,0,0,0,0,0,0,313,0	0,0,0,0,0,0,0,0,0,0	0,0,0,0,0,0,0,43,0,0	240	150
1812	0,0,0,0,0,0,0,0,0,0,0,0,0	0,12,0,0,0,0,0,0,0,0,0,0,0	0,0,0,0,0,37,0,0,0,0	0,0,0,0,0,0,0,0,0,0	185	150
1822	0,0,0,0,0,0,0,0,26,0,0,0,0	0,0,0,0,0,0,0,0,0,0,0,0,0	279,0,0,0,0,0,0,1,0,0	0,47,0,0,0,0,0,0,0,0	300	150
1853	0,10,0,0,0,0,0,0,0,0,0,0,0	0,17,1,1,0,31,0,1,0,1,2,0,0	0,0,0,0,0,0,0,0,0,0	109,0,0,0,18,0,0,8,0,0	231	150
1861	0,0,223,0,0,0,0,0,0,0,0,1,0	0,4,0,0,0,0,0,0,0,0,0,2,0	0,0,0,0,0,2,0,0,0,0	0,0,0,0,0,0,0,0,24,0	264	150
1862	5,154,0,0,0,1,0,228,68,0,0,202,322	0,99,4,0,0,0,0,0,0,0,0,0,0	0,106,0,0,0,124,553,25,166,0	0,0,0,0,0,88,7,0,0,0	194	150
1864	97,0,0,0,0,0,0,0,0,0,0,0,0	4,16,0,0,0,0,0,0,11,0,1,0,0	0,0,0,0,0,0,0,0,0,0	0,0,0,0,0,6,0,3,0,0	283	150
1867	0,41,0,0,0,0,0,0,0,0,0,0,0	0,57,0,0,0,0,0,0,0,0,0,217,0	0,0,0,0,0,0,0,0,0,0	0,0,0,0,0,9,0,0,0,0	227	150
1886	0,1,0,0,0,0,0,0,0,0,0,0,0	0,100,0,0,0,0,0,0,0,0,0,0,0	0,0,0,0,0,0,0,0,0,0	0,0,0,0,0,144,193,68,0,0	184	150
1894	0,0,0,0,0,0,0,0,29,0,0,0,0	0,0,0,0,0,0,0,1,0,0,0,0,0	178,0,0,0,0,0,4,0,0,0	0,0,0,0,0,0,0,0,0,0	300	150
1900	0,82,0,177,0,0,81,0,0,0,0,0,0	0,0,0,0,0,0,0,0,0,0,0,0,0	0,0,0,0,0,19,0,1,0,0	0,0,0,0,0,0,16,1,0,0	197	150
1901	0,0,0,177,0,0,0,0,0,0,0,0,0	0,0,0,0,0,0,0,0,0,0,0,0,0	0,0,0,0,0,0,0,0,0,0	0,0,0,0,0,0,25,0,0,0	197	150
1907	3,0,0,0,0,0,0,0,0,396,0,0,0	0,112,0,0,0,0,0,0,14,0,0,0,0	0,0,0,0,1,0,0,0,0,1	0,0,0,0,0,0,87,0,0,0	259	150
1924	0,2,0,0,0,0,0,0,10,0,0,131,0	0,89,0,0,0,0,0,0,0,0,0,0,0	0,1,0,0,0,20,203,0,1,156	0,0,0,0,0,0,0,0,0,0	161	150
1930	0,0,0,0,208,0,0,0,0,0,0,0,0	0,46,0,0,0,0,0,0,0,0,0,0,0	0,0,0,0,0,0,0,0,0,0	0,0,0,0,0,3,0,0,0,0	197	150
1936	7,0,0,0,0,0,32,0,0,1,0,188,0	0,0,0,12,0,0,53,0,0,0,0,30,0	0,37,0,0,11,3,63,0,0,28	0,170,0,0,0,52,156,0,0,129	300	150
1937	223,469,0,1,3,116,439,658,168,128,1233,2022,1	0,0,0,0,0,0,0,242,0,0,1,0,0	0,193,0,761,49,486,2625,16,94,1907	0,0,0,0,0,0,0,0,0,0	231	150
1944	0,0,0,0,0,0,0,0,0,0,0,5,0	0,63,0,0,0,0,0,0,0,19,2,0,0	0,0,0,0,0,0,0,0,0,0	0,0,0,0,0,0,0,0,9,0	247	150
1947	0,0,0,0,0,0,0,0,0,0,0,0,0	0,10,0,0,0,0,0,0,20,0,130,0,0	0,0,0,0,0,5,0,0,0,0	0,0,0,0,0,0,0,0,0,0	175	150
1977	0,0,0,0,0,0,0,0,0,0,0,0,0	0,0,0,0,0,0,0,4,0,0,0,0,0	0,0,0,0,0,0,0,0,1,0	0,0,0,0,0,0,0,0,0,0	300	150
1984	0,162,0,0,0,0,0,0,0,0,1,0,0	0,0,0,479,0,0,0,0,0,0,0,0,0	0,0,0,0,0,54,98,27,0,0	0,0,0,0,0,0,0,0,0,0	209	150
1999	0,0,0,0,0,31,1,63,0,0,0,0,1	0,77,0,0,0,0,0,0,1,0,0,0,0	0,0,0,0,1,0,0,0,0,0	0,0,0,0,0,0,4,0,0,0	218	150
2006	0,2,0,0,0,0,0,0,0,0,0,0,0	0,0,0,0,0,0,0,0,0,1,0,0,0	0,0,0,0,0,0,0,0,0,0	0,0,0,0,0,0,36,0,0,0	226	150
2011	0,0,0,0,59,0,0,0,0,0,0,0,0	0,4,0,0,0,0,0,0,0,0,0,2,0	0,0,0,0,0,0,0,0,0,0	0,0,0,0,0,0,35,0,0,0	189	150
2013	0,0,0,0,0,0,0,0,0,0,0,0,0	0,1,0,0,0,1,0,0,0,2,0,264,0	0,7,0,0,0,0,0,0,0,0	264,0,0,0,0,25,150,0,0,0	207	150
2014	0,78,0,0,0,0,0,0,0,0,0,162,0	0,83,0,0,0,1,0,0,0,0,0,263,0	204,0,0,0,0,0,0,0,0,118	264,0,0,0,0,49,288,0,0,0	234	150
2042	0,0,300,38,0,0,0,0,0,0,0,0,0	0,132,0,0,0,1,0,0,0,0,0,0,0	0,0,0,0,0,0,0,0,0,0	0,0,0,0,0,19,65,0,0,0	161	150
2053	0,0,0,0,0,0,0,0,0,0,0,0,0	0,0,80,0,0,0,0,0,25,0,0,0,0	0,29,0,0,0,0,0,0,0,0	0,0,0,0,0,0,0,0,0,0	212	150
2070	3,0,0,0,0,0,0,0,0,0,0,0,0	0,18,0,0,0,0,0,0,2,0,0,0,0	0,0,0,0,0,0,0,65,0,0	0,0,0,0,0,38,0,0,0,27	195	150
2073	279,0,0,0,0,0,0,0,0,0,0,0,0	0,2,0,0,0,0,0,0,1,0,1,0,0	0,0,0,0,0,0,0,0,0,0	0,0,0,0,0,0,79,143,19,0	200	150
2096	0,0,0,0,0,59,0,0,0,0,0,0,0	0,0,0,0,0,0,0,0,0,0,0,0,0	0,0,0,0,0,0,7,0,0,0	0,0,0,0,0,0,0,0,92,0	281	150
2097	0,0,0,0,0,0,0,0,0,0,0,0,0	0,1,0,0,3,0,0,0,0,0,0,469,0	0,0,0,0,0,0,0,0,16,0	0,0,0,0,0,0,62,0,0,0	286	150
2099	87,0,0,0,0,0,0,0,0,0,121,0,0	0,7,0,0,0,0,0,0,0,0,0,0,0	0,0,0,0,0,21,0,0,62,0	0,0,0,0,0,0,0,0,0,0	174	150
2116	0,0,0,0,0,0,0,0,0,0,0,0,0	25,88,0,0,0,0,0,0,1,0,0,39,0	0,0,0,0,47,0,0,0,0,0	0,0,0,0,0,1,0,0,0,0	269	150
2118	0,58,0,0,0,0,0,0,0,0,0,0,0	0,0,0,316,0,0,0,0,0,0,0,0,0	0,0,0,0,0,0,0,0,0,6	0,0,0,0,0,0,0,0,0,0	215	150
2119	102,0,0,0,0,0,0,0,0,0,0,0,0	0,0,0,0,0,0,0,12,0,0,0,0,0	0,0,0,0,0,25,0,0,0,0	0,0,0,0,0,0,0,0,0,0	154	150
2122	0,0,0,0,0,0,0,0,1,0,0,0,0	0,27,0,0,0,0,0,0,0,0,0,0,0	0,1,0,0,0,9,0,0,0,0	0,0,0,0,0,0,0,0,0,0	300	150
2129	0,0,0,0,0,0,0,0,0,0,0,0,0	0,24,0,0,0,0,0,0,0,0,0,0,0	0,0,0,0,0,0,0,0,4,0	0,0,0,0,0,0,16,0,0,0	164	150
2135	4,64,0,0,0,0,0,0,0,0,0,0,0	0,17,0,0,0,0,56,0,25,0,975,0,0	0,0,0,0,0,0,0,0,0,0	0,0,0,0,0,69,7,0,0,0	300	150
2137	0,213,0,0,0,99,2,0,17,0,0,0,0	0,0,0,0,0,0,0,0,0,0,0,0,0	0,0,0,0,0,0,175,0,0,0	0,0,0,0,0,33,12,0,0,0	252	150
2141	0,0,0,0,1,42,0,0,1,0,0,0,1	0,0,0,0,0,0,0,0,0,0,0,0,0	0,0,0,0,0,0,83,80,0,0	0,0,0,0,0,0,32,0,0,0	270	150
2142	80,50,0,0,0,0,0,0,19,0,52,0,0	0,1,0,0,0,0,0,0,0,0,0,0,0	386,0,0,0,0,30,413,0,0,0	0,0,0,0,0,0,0,0,0,0	187	150
2143	0,0,0,0,0,0,0,0,0,0,0,1,0	52,413,0,0,0,0,0,0,0,0,403,0,0	0,0,0,0,0,0,0,0,0,0	101,0,0,0,0,30,178,169,104,91	300	150
2152	0,1,0,0,0,0,0,0,5,0,0,0,0	0,0,0,0,0,0,0,0,0,0,0,0,0	0,0,0,0,0,0,0,0,0,0	1,154,0,0,0,0,0,0,0,0	164	150
2172	0,0,0,0,0,5,0,0,0,0,0,0,0	0,3,1,50,0,0,0,0,1,0,0,0,0	0,0,0,0,0,0,0,0,0,0	0,0,0,0,46,0,0,0,0,0	162	150
2176	0,78,0,0,0,0,0,0,0,0,0,0,0	0,0,0,0,0,0,0,0,0,0,1,0,0	0,8,0,0,0,0,0,0,0,0	0,0,0,0,0,0,0,0,0,0	200	150
2181	1,4,0,0,0,0,0,0,0,0,0,0,0	0,48,0,0,0,0,0,190,0,141,0,0,0	0,0,0,0,0,0,130,0,0,0	0,0,0,0,0,47,0,0,2,0	300	150
2201	0,70,0,0,0,0,0,0,14,0,0,0,0	0,0,0,0,0,0,0,0,0,0,0,0,0	0,0,0,0,0,0,6,0,0,0	0,2,0,0,0,6,0,0,0,0	158	150
2208	0,3,0,0,0,0,0,0,0,0,0,162,0	0,8,0,1,0,0,0,0,0,0,0,0,0	0,300,0,0,0,0,50,0,0,0	0,0,0,0,0,33,214,0,0,0	179	150
2217	38,1,0,0,0,0,0,0,19,0,0,0,0	0,0,0,0,0,0,0,0,0,0,0,0,0	0,0,0,0,0,0,0,0,0,0	0,0,0,0,0,1,0,0,0,0	300	150
2226	0,0,0,0,0,0,0,0,0,0,0,0,0	0,50,0,0,0,0,0,0,0,0,0,2,0	0,1,0,0,0,0,0,0,0,0	0,0,0,0,0,0,0,0,0,0	225	150
2261	0,0,0,0,0,0,0,0,0,0,0,0,0	0,29,0,0,0,0,0,0,0,0,0,0,0	0,0,0,0,0,1,0,0,0,0	0,0,0,0,0,0,266,0,0,0	300	150
2277	0,0,0,0,0,0,0,1,0,0,0,0,0	0,238,0,0,0,23,0,0,0,0,37,0,0	0,0,0,0,0,0,0,0,0,0	277,0,0,2,0,0,0,2,0,0	300	150
2278	0,0,36,0,0,166,0,0,8,0,0,0,0	0,0,0,0,0,0,0,0,0,0,0,0,0	91,0,0,0,0,36,0,17,129,0	0,0,0,0,0,3,0,0,0,0	170	150
2280	9,0,0,38,0,0,0,0,1,0,0,0,0	0,46,0,0,0,0,0,0,4,0,0,0,0	0,0,0,0,0,48,0,0,0,0	0,0,0,0,0,0,0,0,0,0	173	150
2282	0,0,0,0,0,0,0,106,0,0,0,0,0	0,0,0,0,0,0,0,0,0,0,0,0,0	0,0,0,0,0,0,0,0,0,0	0,0,0,0,0,8,0,0,0,0	196	150
2291	0,0,0,0,0,0,0,30,0,0,0,0,0	0,141,0,0,0,9,0,0,0,0,0,4,0	0,0,0,0,0,0,0,0,0,0	0,0,0,481,0,32,230,2,0,0	173	150
2293	0,0,0,0,0,0,0,0,0,0,282,0,0	109,326,181,0,5,79,0,0,50,100,101,412,0	0,0,0,0,0,0,0,0,0,0	0,0,0,0,0,0,335,2,291,4	174	150
2294	108,0,0,305,0,0,0,0,2,0,0,0,0	1,237,0,98,97,90,0,19,54,72,661,609,0	0,0,0,0,5,1,0,0,0,0	263,0,0,152,0,117,292,5,722,128	219	150
2295	0,0,0,0,1,0,0,0,0,0,0,0,0	0,5,0,0,0,0,0,0,0,0,0,0,0	0,0,0,0,0,56,0,0,0,0	0,0,0,0,0,0,0,0,0,0	159	150
2296	0,0,0,0,1,0,0,0,0,0,0,0,0	0,110,1,66,109,189,1,0,66,10,4,0,0	0,0,0,0,0,103,0,0,0,0	0,0,0,0,0,44,27,8,170,1	203	150
2297	0,5,0,0,0,0,0,0,0,0,0,0,0	0,110,1,66,109,189,1,0,66,10,4,0,0	0,0,0,0,0,47,0,0,0,0	0,0,0,0,0,44,27,8,170,1	193	150
2309	0,0,0,0,0,99,0,0,13,0,284,0,0	0,0,0,0,0,0,0,0,8,0,0,0,0	0,0,0,0,0,59,0,0,0,0	0,0,0,0,0,0,0,0,0,0	287	150
2312	0,0,0,0,0,0,0,0,0,0,0,0,0	133,483,324,0,0,0,0,0,4,85,682,0,0	0,0,0,0,0,0,17,0,0,0	22,0,0,0,0,138,1118,1,0,186	300	150
2323	0,0,0,0,0,0,0,0,0,0,0,0,0	0,82,0,0,0,0,0,0,0,0,0,0,0	0,0,0,0,2,0,0,0,0,0	375,0,0,0,0,0,0,4,101,16	300	150
2328	0,51,0,0,0,85,0,0,0,0,0,0,0	0,0,0,0,0,0,0,0,0,0,0,0,0	0,0,0,0,0,0,0,0,0,0	0,0,0,0,0,21,0,0,0,0	300	150
2337	0,0,0,0,0,0,0,0,0,0,0,0,0	0,0,0,0,0,1,0,0,0,0,0,0,0	0,0,0,0,0,6,0,0,0,0	0,0,0,0,0,0,0,0,0,0	300	150
2339	0,0,0,0,0,0,0,0,0,0,0,0,0	0,0,0,0,0,2,0,0,0,0,0,0,0	464,0,0,0,0,0,0,0,0,0	0,0,0,0,0,0,0,0,0,0	300	150
2351	0,0,0,0,0,0,0,1,0,0,0,0,0	0,0,0,0,0,0,0,0,0,0,0,0,0	0,0,0,0,0,0,0,0,0,5	0,0,0,0,0,4,0,0,0,0	300	150
2355	0,0,2,0,0,0,0,0,0,0,0,0,0	0,0,0,0,0,0,0,0,0,0,0,0,0	0,0,0,0,0,0,0,0,12,0	0,0,0,0,0,1,5,0,0,0	300	150
2377	0,0,0,0,0,0,0,0,0,0,0,0,0	0,22,1,0,0,0,0,0,0,0,0,0,0	226,0,0,0,0,0,79,0,0,0	0,0,0,0,0,0,0,0,0,0	300	150
2378	0,0,0,0,0,0,0,0,0,0,0,0,0	0,22,1,0,0,0,0,0,0,0,0,0,0	0,0,0,0,0,0,79,0,0,0	0,0,0,0,0,0,0,0,0,0	300	150
2379	0,0,0,0,201,64,0,0,0,0,0,11,0	0,0,0,0,0,0,0,0,0,0,0,0,0	0,0,0,0,0,0,0,0,0,0	226,0,0,0,0,0,0,0,0,0	300	150
2397	0,0,0,0,0,0,0,0,0,0,0,0,0	0,0,0,0,0,0,0,0,4,0,0,0,0	0,0,0,0,0,0,0,0,5,0	0,0,0,0,0,0,0,0,0,118	300	150
2417	7,0,0,0,0,0,0,0,0,0,0,0,0	0,0,0,0,0,0,0,0,0,0,0,0,0	0,0,0,0,0,0,0,0,0,0	0,0,0,0,0,1,0,0,18,39	300	150
2418	0,72,0,0,0,0,0,0,0,0,0,0,0	0,0,0,0,0,0,0,0,0,0,0,1,0	0,0,0,0,73,0,66,0,0,0	0,0,0,0,0,0,0,0,0,0	300	150
2432	0,0,0,0,0,0,0,0,0,0,13,0,0	0,308,0,0,0,0,0,0,38,0,0,12,0	0,0,0,0,0,0,0,0,0,0	169,74,0,0,0,12,0,0,1,0	166	150
2443	0,0,0,0,0,0,0,0,0,0,0,0,0	0,0,0,6,0,0,0,0,0,0,0,0,0	0,0,0,0,0,7,0,0,0,0	0,0,0,0,0,0,0,0,0,0	300	150
2454	0,1,0,0,0,0,0,0,0,0,0,0,0	0,97,0,0,0,0,0,0,0,0,0,0,0	0,0,0,0,0,0,0,0,0,0	2,0,0,0,0,42,0,0,0,0	300	150
2486	0,0,0,0,183,0,0,120,0,0,227,0,0	0,0,0,0,0,0,0,0,4,0,0,0,0	0,0,0,0,0,0,0,0,0,0	0,0,0,0,0,0,0,4,0,0	259	150
2493	0,101,0,364,0,0,0,0,18,0,1,0,0	0,0,2,0,0,0,0,0,14,0,0,0,0	203,0,0,0,0,0,0,0,7,2	0,0,0,0,0,0,0,0,0,0	188	150
2512	0,69,0,0,0,0,0,0,0,0,0,0,0	0,15,0,0,0,0,0,0,18,0,43,0,0	0,69,0,0,0,0,0,0,0,0	0,0,0,0,0,0,14,109,25,0	300	150
2516	0,0,0,0,0,0,0,0,0,0,183,0,0	0,0,0,0,0,0,0,0,0,0,0,0,0	0,0,0,0,0,0,0,0,0,0	0,0,0,0,0,0,0,0,0,12	201	150
2521	0,59,0,0,0,0,0,0,0,0,0,0,0	0,0,0,0,0,0,0,0,0,0,82,0,0	6,0,0,0,0,80,0,0,175,0	0,0,0,0,0,71,0,0,179,0	300	150
2557	0,0,0,0,0,0,0,0,0,0,0,0,0	0,43,0,349,0,0,0,0,4,0,0,0,0	0,0,0,0,0,0,68,0,0,0	0,0,0,0,0,0,25,0,0,0	236	150
2571	0,95,0,0,0,0,0,0,0,0,0,0,0	0,0,0,0,0,4,0,0,0,0,0,0,0	0,0,0,0,0,49,0,0,0,0	0,0,0,0,0,0,0,0,0,0	185	150
2578	0,0,0,0,0,0,0,0,0,0,0,0,0	0,0,0,0,0,0,0,0,7,0,0,0,0	0,0,0,0,0,0,0,0,0,14	0,0,0,0,0,0,0,0,0,0	289	150
2580	1,198,0,0,0,0,0,1,10,0,0,314,1	0,0,0,0,0,0,0,0,0,0,0,0,0	0,47,0,0,0,0,1,0,0,0	0,204,0,0,0,0,0,0,0,0	300	150
2581	0,0,0,0,0,0,0,45,0,0,0,0,0	0,0,0,0,0,0,0,0,0,0,0,0,0	0,0,0,0,0,0,0,0,0,0	0,0,0,0,0,9,260,0,0,0	196	150
2584	0,0,0,0,0,0,0,0,0,0,0,0,0	0,0,1,0,0,0,0,0,1,0,0,0,0	0,0,0,0,0,0,0,0,8,0	0,35,0,0,0,0,0,0,122,0	153	150
2586	0,0,0,0,0,0,0,0,0,0,0,0,0	1,28,0,0,0,0,0,0,0,0,0,0,0	0,132,0,0,0,0,0,20,0,0	0,0,0,0,0,0,0,0,0,0	215	150
2599	0,1,8,203,293,0,0,0,0,1,0,1,0	0,71,0,0,0,0,0,0,0,0,0,0,0	182,0,0,0,0,0,0,0,0,151	0,0,0,0,0,0,0,0,0,0	155	150
2603	0,1,0,0,0,0,0,0,0,0,0,0,0	0,0,0,0,0,0,0,19,0,0,0,0,0	0,0,0,0,0,0,0,0,0,0	0,0,0,0,0,0,0,0,111,0	300	150
2608	0,2,0,0,79,0,0,0,4,0,0,0,0	0,0,0,0,0,0,0,0,0,0,0,0,0	0,0,0,0,0,0,0,0,0,0	0,0,0,0,0,10,0,0,0,0	300	150
2613	0,29,238,218,0,0,0,0,1,0,1221,0,0	0,49,0,0,0,0,0,0,0,0,407,0,0	379,115,0,0,0,1,118,0,4,2	0,0,0,0,0,0,0,0,0,0	251	150
2618	0,0,0,0,0,0,0,0,0,328,0,0,0	0,97,0,0,0,0,0,0,0,0,0,0,0	0,0,0,0,0,39,0,0,0,0	0,63,0,0,0,0,0,0,0,0	300	150
2622	0,0,0,0,0,0,0,0,0,0,0,0,0	0,28,0,130,0,0,0,0,0,0,0,0,0	0,0,0,0,0,0,66,0,0,0	0,0,0,0,0,0,0,0,134,0	158	150
2634	0,40,0,0,0,0,41,8,0,0,693,202,2	0,0,0,0,0,0,0,0,0,0,0,0,0	86,294,0,1,2,161,0,0,272,0	0,0,0,0,0,0,0,0,0,37	287	150
2636	0,165,0,645,0,0,0,0,0,0,0,0,0	0,104,0,0,0,0,0,0,0,0,0,0,0	0,11,0,0,0,0,18,0,0,0	0,0,0,0,0,0,0,2,0,0	292	150
2637	0,0,0,0,0,0,0,0,0,0,0,0,0	0,6,0,0,0,0,0,0,0,0,0,268,0	0,0,0,0,0,0,0,0,63,0	0,0,0,0,0,0,0,100,86,0	300	150
2644	0,24,0,0,0,1,0,0,2,0,0,0,0	0,0,0,0,0,0,0,0,1,0,0,0,0	0,0,0,0,0,37,0,0,0,0	0,0,0,0,0,0,0,0,0,0	201	150
2653	0,34,0,0,0,0,0,0,0,0,68,0,0	0,0,0,0,0,0,0,0,0,0,0,0,0	0,0,0,0,0,1,8,0,0,0	0,0,0,0,0,0,2,0,0,0	300	150
2658	0,32,0,0,0,0,0,0,0,0,0,0,0	0,0,0,0,0,0,0,0,0,0,431,0,0	0,0,0,0,0,0,0,0,0,0	0,0,0,0,0,0,154,12,1,0	155	150
2677	0,73,0,48,156,0,0,0,12,0,173,21,0	0,0,0,0,0,0,0,0,0,0,0,0,0	0,0,0,2,0,0,494,1,0,0	0,0,0,0,0,4,0,0,0,0	196	150
2696	0,31,0,0,0,0,0,0,0,0,0,0,0	0,0,0,0,0,0,0,0,0,0,0,0,0	3,0,0,0,0,0,0,0,0,0	0,0,0,0,0,0,0,40,0,0	243	150
2698	1,270,0,45,3,69,0,0,78,0,476,36,0	0,0,0,0,0,0,0,0,0,0,0,0,0	0,1,0,0,0,134,789,102,50,472	0,0,0,0,0,0,1,0,0,0	300	150
2723	0,86,0,0,0,0,0,0,0,0,0,137,0	0,0,0,0,0,0,0,0,0,0,0,0,0	0,0,0,0,0,0,0,0,0,0	0,0,0,0,0,32,0,0,0,0	300	150
2730	0,173,0,0,22,0,0,0,0,0,1,0,0	67,46,0,0,0,0,0,0,0,0,397,0,0	0,1,0,0,0,14,0,0,0,0	0,0,0,0,0,0,0,0,0,0	161	150
2734	0,45,0,0,0,0,0,0,0,0,151,0,0	0,0,0,0,0,0,0,0,0,0,557,0,1	0,0,0,0,0,0,0,0,0,0	0,0,0,0,0,115,0,0,0,0	213	150
2737	0,0,0,0,0,0,0,0,0,0,0,0,0	0,45,0,0,0,0,0,0,0,0,0,0,0	0,0,0,0,0,106,0,0,0,0	0,0,0,0,0,0,0,0,0,0	300	150
2738	0,0,0,39,0,0,0,0,0,0,0,0,0	316,83,1,0,0,32,0,0,1,0,1,0,0	0,0,0,0,0,0,0,0,0,0	0,2,0,0,1,56,624,2,271,0	256	150
2751	0,59,0,0,0,0,0,0,0,0,0,0,0	0,0,0,0,0,0,0,0,0,0,0,0,0	0,0,0,0,0,69,0,0,0,0	0,0,0,0,0,0,0,57,0,0	200	150
2765	0,0,0,0,0,0,0,0,0,0,0,332,0	0,0,0,0,0,13,0,0,0,0,0,0,0	0,1,0,0,0,1,1,1,1,0	0,0,0,0,0,0,5,0,0,0	300	150
2766	0,86,0,0,0,0,0,0,0,0,0,0,0	0,0,0,0,0,0,0,0,0,0,0,0,0	0,1,0,0,0,0,0,0,0,0	0,0,0,0,4,0,0,0,0,0	300	150
2767	0,0,0,0,0,0,0,0,0,0,0,0,0	0,110,0,0,0,0,0,0,23,0,326,0,0	0,0,0,0,0,0,0,0,0,1	0,0,0,0,0,0,0,0,0,0	230	150
2768	0,0,0,0,0,0,0,0,0,0,0,0,0	0,1,2,0,0,0,0,0,0,0,0,0,0	0,0,0,0,0,0,0,0,0,44	0,0,0,0,0,0,5,0,0,0	267	150
2775	65,0,0,0,0,0,0,0,0,0,0,0,0	0,0,0,0,0,0,0,0,0,0,0,0,0	0,0,0,0,0,0,0,0,0,0	160,0,0,0,0,1,0,37,0,0	192	150
2789	0,26,0,0,0,0,0,0,23,0,0,0,0	0,0,0,0,18,0,0,0,29,0,0,0,0	0,0,0,0,0,1,0,0,0,0	0,0,0,0,0,0,0,0,232,0	155	150
2804	0,0,0,0,143,3,0,0,0,0,0,0,0	38,50,0,0,0,0,0,0,0,0,0,337,0	0,26,0,0,0,0,0,0,0,156	0,0,0,0,0,0,0,0,62,1	300	150
2811	0,0,0,0,0,0,0,0,0,0,0,0,0	0,0,0,0,0,3,0,0,0,0,308,0,0	0,0,0,0,0,0,0,0,135,0	0,0,0,0,0,0,160,0,0,0	225	150
2814	0,0,0,0,0,0,0,0,0,0,0,0,0	0,0,0,105,0,0,0,0,0,0,0,23,0	16,1,0,0,0,0,0,0,0,0	0,0,0,0,0,0,0,0,0,0	244	150
2822	0,0,0,0,0,0,0,0,18,0,0,0,0	0,0,0,0,0,0,0,0,0,0,0,0,1	0,0,0,0,0,0,0,0,0,0	0,0,0,0,0,0,0,0,0,56	205	150
2839	0,17,0,0,0,0,0,0,0,0,0,0,0	0,0,3,0,0,0,0,0,0,0,0,0,0	0,0,0,0,0,0,0,0,0,0	0,0,0,0,0,0,0,0,0,1	280	150
2853	0,0,0,0,0,0,0,34,0,0,0,0,0	0,77,0,0,0,0,0,33,1,0,0,0,0	0,0,0,0,0,0,0,0,0,0	0,31,0,0,0,5,0,0,0,28	183	150
2860	0,0,0,0,0,86,0,0,0,0,0,0,0	0,10,0,0,0,4,0,0,0,0,5,0,10	1,0,0,0,0,0,0,90,0,0	0,0,0,0,0,14,0,0,0,0	300	150
2867	0,0,0,0,0,67,0,0,0,0,0,0,0	0,0,0,0,0,0,0,0,0,0,0,0,0	0,0,0,0,0,0,0,3,0,0	0,0,0,0,0,0,0,0,54,1	182	150
2878	40,0,0,0,0,0,0,0,0,0,0,0,0	0,0,0,0,0,0,0,0,0,0,29,0,0	1,0,0,0,0,0,0,0,0,0	388,214,0,0,0,2,2,0,258,0	300	150
2880	0,0,0,0,0,0,0,0,0,17,0,0,0	0,0,0,0,0,0,0,0,0,0,0,0,0	0,0,0,0,0,49,0,0,0,0	0,17,0,0,0,0,76,0,1,4	213	150
2887	0,70,1,0,0,0,0,0,10,2,0,0,0	0,0,0,0,0,0,0,0,0,0,0,218,0	0,0,0,0,0,58,0,0,0,0	0,0,0,0,0,0,0,0,0,0	233	150
2892	41,0,1,469,0,0,0,0,6,0,200,0,0	0,0,0,33,0,0,0,0,0,0,0,0,0	0,0,0,0,0,0,0,0,21,0	0,0,0,0,0,0,0,0,0,0	300	150
2897	69,290,167,7,206,0,0,2,0,0,232,0,263	0,0,0,0,0,0,0,0,0,0,0,0,0	0,149,0,0,0,0,40,0,663,2	0,0,0,0,0,7,0,0,0,0	300	150
2905	0,0,0,360,0,0,0,0,1,0,1,0,0	0,35,0,0,0,0,0,0,0,0,0,0,0	0,0,0,0,0,0,43,0,0,0	0,0,0,0,4,0,256,0,0,0	188	150
2910	0,47,0,0,0,0,0,0,0,0,0,274,0	0,0,0,0,0,0,0,0,0,0,0,282,0	0,18,0,0,0,189,12,0,12,0	0,0,0,0,0,0,0,0,0,0	300	150
2916	0,0,0,0,0,0,0,0,0,0,0,0,0	13,0,0,0,0,0,0,0,0,0,0,0,0	200,0,0,0,0,0,0,0,0,0	0,454,0,0,0,0,0,0,0,0	300	150
2918	0,0,0,0,0,0,0,0,0,0,0,61,0	0,72,0,0,0,0,0,0,0,0,116,0,0	0,0,0,3,0,18,0,0,0,0	0,0,0,0,0,20,0,0,0,0	209	150
2919	0,0,0,0,0,0,0,0,0,0,117,0,0	0,110,0,0,0,123,0,0,18,0,382,0,0	0,0,0,0,0,0,0,0,0,0	0,0,0,0,0,49,10,0,255,0	292	150
2923	0,127,0,0,0,0,0,0,19,0,8,16,0	0,33,2,91,0,0,0,0,14,0,0,375,0	226,0,0,0,0,28,0,1,44,0	0,0,0,0,2,59,44,0,104,0	230	150
2932	0,0,0,0,0,0,0,0,0,0,0,0,0	0,74,0,0,0,0,0,0,4,0,0,1,0	0,26,0,0,0,0,0,1,0,0	0,0,0,0,0,0,0,70,0,0	179	150
2987	0,0,0,0,0,0,0,0,0,0,0,0,0	0,1,0,482,0,0,0,0,0,0,0,0,0	88,0,0,0,0,0,0,0,0,0	0,0,0,0,0,0,0,0,0,0	155	150
2992	0,39,0,0,0,0,0,0,0,0,0,0,0	0,0,0,0,0,136,0,0,0,0,0,0,0	0,0,0,0,0,0,0,0,0,0	0,0,0,0,0,18,0,0,0,0	162	150
2993	0,84,0,0,0,0,0,0,0,0,0,0,0	0,0,0,0,234,0,0,0,0,0,0,0,0	0,0,0,0,0,0,0,0,0,0	0,0,0,0,0,0,14,0,0,0	198	150
3003	0,47,455,0,0,0,0,0,0,0,0,0,0	0,0,0,0,0,66,0,1,0,0,0,0,0	0,0,0,0,0,0,0,0,0,0	0,0,0,0,0,0,0,0,3,0	243	150
3004	0,47,0,0,2,85,0,0,0,0,0,3,0	0,0,0,0,0,110,0,0,0,0,0,0,999	0,0,0,0,0,25,2,63,0,0	0,0,0,0,0,0,67,0,0,0	197	150
3005	0,1,0,0,0,0,0,0,0,0,0,0,0	0,0,0,0,0,0,0,0,0,0,0,1,0	0,0,0,0,0,0,26,0,0,0	0,0,0,0,0,0,0,0,0,0	187	150
3014	0,31,0,0,0,0,0,0,0,0,0,0,1	0,83,0,0,0,4,0,388,0,0,171,0,0	0,0,0,0,0,33,0,0,0,0	0,237,0,0,0,70,181,0,9,0	177	150
3028	0,0,0,0,0,0,0,0,0,0,503,2,0	0,0,0,0,0,0,0,0,3,0,0,0,0	0,0,0,0,0,37,0,0,0,0	0,0,0,0,0,98,0,0,0,0	206	150
3032	0,0,0,0,0,0,0,0,0,0,0,0,0	0,0,0,0,0,41,0,0,0,0,0,433,0	0,0,0,0,0,1,0,0,0,63	0,0,0,0,0,0,3,0,0,0	300	150
3038	0,0,0,0,0,0,0,0,0,0,399,0,0	0,0,0,0,0,0,0,0,0,0,0,0,0	0,0,0,0,0,0,0,0,0,0	0,0,0,0,0,23,0,0,0,0	227	150
3043	0,68,0,0,0,219,0,2,2,0,0,0,0	0,16,0,0,0,0,1,242,0,0,0,0,0	37,0,0,0,0,84,229,78,0,0	0,1,0,0,0,2,217,0,0,0	176	150
3044	0,0,0,0,0,0,0,0,2,0,0,0,0	0,16,0,0,0,0,1,242,0,0,0,0,0	0,0,0,0,0,0,0,0,0,0	0,1,0,0,0,2,217,0,0,0	166	150
3060	0,8,0,0,0,126,0,0,0,0,0,0,0	0,0,0,0,0,0,0,0,10,0,0,38,0	0,346,0,0,0,0,0,0,0,0	0,0,0,0,0,41,29,0,0,0	219	150
3073	0,0,0,0,0,0,0,0,0,0,0,0,0	23,169,1,0,0,74,0,1,36,0,160,0,1	0,0,0,0,0,0,243,0,0,0	50,0,0,0,0,32,111,19,0,0	300	150
3109	0,0,0,0,0,0,0,0,0,0,0,0,0	46,293,182,23,0,148,0,0,67,5,397,92,38	0,0,0,0,0,0,0,0,0,63	0,0,0,0,2,199,837,33,212,3	300	150
3128	21,272,0,0,0,3,0,146,0,0,222,35,0	0,80,0,0,0,0,0,0,0,0,0,0,0	318,0,0,0,0,0,84,186,0,0	0,0,0,0,0,0,0,0,0,0	188	150
3132	0,4,0,0,0,0,0,0,0,0,17,0,0	0,148,0,0,0,0,0,0,0,0,0,0,0	255,0,0,0,0,0,227,0,130,0	0,7,0,0,0,0,0,0,0,0	164	150
3133	0,0,0,0,0,0,0,0,0,0,0,0,0	0,6,0,0,0,0,0,0,0,0,0,0,0	0,0,0,0,0,0,0,36,0,0	0,0,0,0,0,0,0,0,0,0	300	150
3152	0,0,0,0,0,0,0,0,0,0,54,0,0	0,10,1,1,1,0,0,2,1,0,24,1,0	0,0,0,0,0,0,0,0,0,0	0,0,0,0,2,0,0,0,1,0	300	150
3153	0,0,0,0,0,0,0,0,0,590,0,0,0	0,0,0,0,0,0,0,0,22,0,0,0,0	130,0,0,0,0,30,0,10,0,0	0,0,0,0,0,21,0,0,0,0	163	150
3156	0,1,0,0,0,0,1,0,12,0,0,0,0	0,0,0,1,0,0,0,0,0,0,0,2,0	0,1,0,0,0,0,0,77,0,0	0,0,0,0,0,50,0,0,0,64	242	150
3157	0,3,0,0,0,0,0,0,0,0,0,0,0	0,0,0,0,0,0,0,1,4,0,0,0,0	0,0,0,0,0,0,0,0,0,0	0,0,0,0,0,9,0,0,0,6	300	150
3160	0,0,0,0,0,0,0,0,0,0,0,0,0	0,97,0,0,0,0,0,0,0,0,0,0,0	0,0,0,0,0,24,91,0,75,0	0,0,0,0,0,0,0,0,0,0	300	150
3172	0,1,0,0,0,0,0,0,20,0,0,0,0	0,0,0,0,0,0,0,0,0,0,0,0,0	0,0,0,0,0,0,0,64,0,0	0,0,0,0,0,1,0,0,0,0	250	150
3190	0,4,0,187,0,46,0,3,0,0,0,0,0	85,138,225,278,0,159,0,0,19,257,705,10,0	0,0,0,0,0,0,0,0,0,0	0,381,0,89,0,130,282,5,219,1	300	150
3196	0,1,0,0,0,0,0,0,0,0,0,0,0	74,677,0,5,0,223,1,318,58,0,96,148,0	0,0,0,0,0,0,0,0,0,0	216,8,0,3,0,303,1229,528,14,0	161	150
3213	0,0,0,0,0,27,0,0,0,0,0,0,0	0,0,0,0,0,0,0,0,0,0,0,0,0	0,60,0,0,0,0,0,0,152,0	0,0,0,0,0,0,0,0,0,7	300	150
3216	0,12,0,0,0,0,0,425,0,52,18,0,0	0,0,0,0,0,0,0,0,0,0,0,0,0	4,0,0,0,0,7,0,0,0,108	0,0,0,0,0,0,1,0,0,0	185	150
3236	0,0,0,0,0,0,0,0,0,0,0,0,0	0,0,0,0,0,0,0,0,17,0,0,0,0	0,0,0,0,0,0,14,0,0,0	0,0,0,0,0,0,0,0,0,0	300	150
3248	0,78,0,0,22,39,0,0,34,0,435,0,0	0,0,0,0,0,0,0,0,0,0,0,0,0	2,112,0,0,0,94,0,0,39,0	0,0,0,0,0,39,0,0,0,0	300	150
3302	0,157,136,20,0,0,0,0,33,147,0,5,0	0,0,0,0,0,0,0,0,0,0,361,0,0	0,2,0,0,0,238,115,0,90,0	0,0,0,0,0,0,0,0,0,0	260	150
3303	0,10,0,0,0,0,0,0,0,0,0,0,0	0,0,0,0,0,0,0,0,0,0,0,0,0	0,0,0,0,0,0,3,0,0,0	0,0,0,0,0,0,4,0,0,0	160	150
3323	0,39,0,0,0,0,0,0,0,0,0,0,0	46,75,0,0,0,10,0,0,9,0,15,0,0	0,0,0,0,0,0,0,0,0,0	0,0,0,0,0,23,0,0,1,0	169	150
3331	0,1,0,0,0,0,0,0,0,0,1,0,0	0,520,228,94,0,269,0,0,21,245,654,0,0	0,0,0,0,0,0,0,39,0,0	0,0,0,0,0,18,24,49,0,69	300	150
3348	0,0,0,0,2,0,0,0,0,0,0,0,0	0,49,0,0,0,0,0,0,0,0,0,0,0	0,0,0,0,0,0,0,0,0,0	0,0,0,0,0,102,0,13,0,0	185	150
3350	0,67,0,0,0,0,0,0,0,0,4,0,0	0,0,0,0,0,0,0,0,0,0,0,1,0	0,0,0,0,0,0,0,0,0,0	0,82,0,0,0,0,0,0,0,0	300	150
3374	0,0,0,0,0,0,0,0,0,0,0,2,0	105,24,0,0,0,4,0,0,0,0,56,70,0	0,0,0,0,0,0,0,0,0,0	0,104,0,0,0,1,13,0,67,0	187	150
3376	77,11,0,0,0,0,88,0,0,0,61,0,0	0,0,0,0,0,36,0,0,0,0,0,0,0	0,0,0,0,0,0,0,20,0,0	0,0,0,0,0,0,0,0,0,0	158	150
3386	0,126,0,146,0,10,0,0,2,487,952,0,0	0,2,0,0,0,0,0,0,16,0,0,0,0	0,0,0,1,0,6,261,2,201,16	0,0,0,0,0,66,441,0,0,0	155	150
3414	14,37,10,0,262,0,0,0,2,0,1,0,0	4,75,0,0,0,0,0,0,23,38,172,0,0	0,0,0,0,0,10,0,2,521,0	0,0,0,0,0,0,72,0,0,0	287	150
3439	0,0,0,0,0,0,0,0,0,0,1,0,0	0,63,0,0,0,0,0,0,0,0,0,0,0	0,0,0,0,0,0,0,0,0,0	61,0,0,0,0,0,0,0,0,0	300	150
3443	0,0,0,0,0,0,0,0,0,0,0,0,0	0,82,0,0,1,0,0,0,0,0,0,0,0	0,0,0,0,0,0,0,0,4,0	0,410,0,0,24,0,0,0,1,0	158	150
3447	0,0,390,0,0,0,1,0,0,0,0,0,0	0,0,0,0,0,0,0,0,0,0,0,0,0	0,0,0,0,0,0,0,0,0,0	6,0,0,0,0,62,0,0,0,0	300	150
3450	0,20,0,0,0,0,0,0,0,0,0,0,0	0,0,0,0,0,0,0,0,0,0,0,0,0	0,0,0,0,0,0,0,2,0,0	0,0,0,0,0,0,0,0,128,0	300	150
3467	0,0,0,0,0,0,0,0,0,0,0,0,0	53,178,0,0,0,0,0,0,16,0,0,0,0	0,0,0,0,0,46,0,0,0,0	0,0,0,0,0,0,0,0,0,0	180	150
3474	7,0,0,0,0,16,0,0,24,0,306,0,0	0,0,0,0,0,164,0,0,0,0,0,0,0	0,268,0,0,0,273,0,0,48,0	0,0,0,0,0,0,0,0,0,0	300	150
3475	0,0,0,0,0,0,0,0,0,0,0,0,0	0,0,0,0,0,164,0,0,0,0,0,0,0	0,0,0,0,0,16,0,0,0,0	0,0,0,0,0,0,0,0,0,0	300	150
3476	0,0,0,0,0,0,0,0,0,0,0,0,0	0,0,0,0,0,164,0,0,0,0,0,0,0	0,0,0,0,0,16,0,0,0,0	0,0,0,0,0,0,0,0,0,0	300	150
3484	0,120,0,0,0,0,0,0,0,0,0,0,0	0,141,255,1,0,34,0,129,0,1,0,0,0	26,0,0,0,0,0,0,0,0,0	224,0,0,0,2,58,99,0,1,0	248	150
3492	0,2,0,0,0,0,0,0,0,0,0,0,0	0,1,0,0,0,0,0,0,0,0,3,0,0	0,0,0,0,0,19,0,0,0,0	0,0,0,0,0,0,1,0,0,0	240	150
3493	0,0,0,0,0,0,0,0,0,0,0,0,0	0,3,0,0,1,0,0,0,0,0,0,0,0	92,0,0,0,0,0,67,0,0,0	0,0,0,0,0,0,0,0,0,0	172	150
3518	0,0,0,0,0,0,0,0,0,0,0,0,0	0,220,0,0,0,0,0,0,15,0,0,0,2	0,0,0,0,0,55,0,0,84,0	0,0,0,0,0,68,31,0,9,0	300	150
3531	0,27,0,0,0,0,0,0,0,0,0,0,0	0,0,0,0,0,0,0,0,0,0,0,0,0	0,0,0,0,0,0,0,0,0,0	0,0,0,0,0,0,0,0,0,235	300	150
3539	8,182,0,0,0,0,0,0,0,0,0,0,0	12,62,0,0,0,0,0,0,14,962,0,0,0	183,76,0,0,1,30,0,0,0,0	15,280,0,0,0,0,204,182,0,0	173	150
3561	0,49,0,0,0,0,0,0,6,0,0,0,0	0,0,0,0,0,0,0,0,0,0,0,0,0	0,0,0,0,0,0,0,0,0,0	0,205,0,0,0,0,0,0,0,0	204	150
3582	0,0,0,3,0,0,0,0,0,0,0,0,0	0,65,0,0,0,0,0,0,49,0,6,1,0	0,0,0,0,0,0,0,0,0,0	417,0,0,2,0,64,217,5,0,0	300	150
3591	0,0,0,0,0,0,0,0,0,0,0,0,0	0,50,0,0,0,0,0,0,0,1,0,0,0	0,0,0,0,0,0,155,0,0,0	0,0,0,0,0,1,0,0,0,0	213	150
3612	0,0,0,0,0,0,0,0,0,0,0,0,0	0,49,0,0,0,1,0,0,33,0,0,0,0	0,0,0,0,0,69,0,21,0,0	0,0,0,0,0,0,0,0,0,0	161	150
3653	0,0,0,0,0,74,0,0,0,1,0,0,0	0,25,0,0,0,0,0,0,0,0,106,0,0	0,0,0,0,0,40,0,84,0,0	0,0,0,0,0,0,0,15,0,0	300	150
3655	0,0,0,0,0,66,0,0,0,0,0,0,0	0,32,0,0,0,1,0,158,0,0,0,0,0	0,0,0,0,0,0,0,0,0,0	74,0,0,0,0,16,0,0,0,0	164	150
3657	0,0,0,0,0,26,0,0,0,0,266,0,0	0,0,0,0,0,0,0,0,0,0,0,0,0	2,0,0,0,0,0,0,0,0,0	0,0,0,0,0,8,0,0,0,0	300	150
3666	0,58,0,0,0,0,0,0,0,0,0,0,0	0,47,0,0,0,0,0,1,0,0,0,0,0	0,0,0,0,0,0,0,0,0,0	0,110,0,0,0,34,0,0,0,0	300	150
3677	0,0,0,0,0,0,0,0,0,0,0,0,0	0,0,0,474,0,0,0,0,27,79,0,0,0	0,0,0,0,0,11,0,0,0,0	2,0,0,0,0,0,53,0,0,0	289	150
3683	0,0,0,0,0,0,0,0,0,0,0,0,0	0,94,0,0,0,0,0,0,72,1,333,0,1	0,0,0,0,0,0,0,0,2,0	0,0,0,0,13,0,348,4,1,0	300	150
3685	0,0,0,0,0,0,0,0,0,0,75,214,0	0,39,0,0,0,5,0,0,0,0,0,0,0	0,5,0,0,0,0,0,0,0,0	0,0,0,0,0,0,0,0,0,0	155	150
3698	0,244,409,0,0,0,0,0,0,0,3,0,0	0,0,0,0,0,0,0,0,0,0,0,0,0	0,0,0,0,0,63,320,0,0,0	0,53,0,0,0,0,0,0,0,0	300	150
3710	0,50,0,0,0,0,0,0,0,0,0,0,0	0,19,0,173,0,0,0,0,0,0,345,0,0	0,0,0,0,0,61,0,0,0,0	0,0,0,0,0,0,176,0,0,0	236	150
3711	6,190,0,0,0,0,0,438,47,0,9,285,0	0,0,0,0,0,0,0,0,14,0,0,0,0	23,371,0,0,0,5,0,0,0,0	27,0,0,0,0,0,0,0,0,0	300	150
3713	2,0,0,0,14,231,0,0,0,0,866,52,0	0,61,0,0,0,0,0,0,0,0,0,0,0	0,0,0,0,0,0,0,0,112,0	0,0,0,0,0,0,0,0,0,0	244	150
3723	0,0,0,0,0,0,0,0,10,0,0,0,0	0,26,0,0,0,0,0,0,0,0,0,0,0	0,0,0,0,0,0,55,19,8,0	0,0,0,0,0,0,0,0,0,0	195	150
3724	0,0,0,0,0,0,0,0,31,0,0,0,0	0,26,0,0,0,0,0,0,0,0,0,0,0	0,0,0,0,0,0,66,19,8,0	0,0,0,0,0,0,0,0,0,0	184	150
3725	0,0,0,0,0,0,0,0,0,0,0,0,0	6,15,0,0,170,114,0,0,11,0,185,0,0	0,0,0,0,0,2,0,0,0,0	0,0,0,0,0,4,125,0,0,0	167	150
3751	0,21,0,0,0,0,0,0,0,0,0,0,0	0,40,0,0,0,0,0,0,0,0,0,0,0	0,0,0,0,1,0,0,30,0,0	0,0,0,0,0,0,0,0,0,0	157	150
3763	0,0,0,0,0,0,0,0,0,0,0,0,0	0,0,0,1,0,0,0,0,0,0,0,0,368	0,2,0,0,0,0,0,0,0,0	112,0,0,0,0,4,0,0,45,0	259	150
3768	0,72,0,1,0,0,0,0,0,0,390,0,0	0,0,0,0,0,0,0,0,0,0,0,1,0	41,0,0,0,1,0,92,0,0,0	0,0,0,0,0,0,30,0,0,90	165	150
3771	0,0,0,0,0,0,0,0,0,0,0,0,0	0,53,0,0,0,24,0,0,0,0,829,9,0	0,0,0,0,22,59,1,0,0,0	0,0,0,0,0,18,174,0,56,0	192	150
3774	0,0,0,0,0,0,0,0,0,0,0,0,0	1,82,0,0,0,45,0,0,0,1,389,0,0	0,0,0,0,0,0,1,0,0,0	0,0,0,0,11,44,175,0,19,0	153	150
3776	0,0,0,0,0,0,0,0,0,0,0,0,0	0,31,0,0,0,0,0,0,0,0,231,1,0	0,0,0,0,0,0,0,98,0,0	0,0,0,0,0,0,0,0,0,0	300	150
3777	62,6,0,0,0,0,0,0,0,0,0,0,0	0,0,0,0,0,0,0,0,0,0,0,0,0	0,0,0,0,0,0,0,0,0,0	0,0,0,0,0,0,0,12,0,0	241	150
3781	0,0,0,0,0,179,0,0,0,0,0,0,0	24,53,0,0,0,0,0,0,0,0,90,0,0	0,0,0,0,0,0,77,0,0,0	377,0,0,0,0,0,295,0,0,2	300	150
3788	2,0,0,0,0,0,0,0,0,0,0,0,0	0,221,0,0,0,0,0,0,0,0,0,0,0	0,0,0,0,0,0,0,0,0,0	0,0,0,0,0,19,0,0,0,0	272	150
3789	0,0,0,0,0,0,0,0,0,0,0,0,0	0,84,0,9,0,0,0,91,0,0,513,1,0	0,0,0,0,14,0,0,0,0,0	608,0,0,0,0,48,2,27,0,77	203	150
3793	0,0,0,0,0,0,0,0,0,0,1,0,0	0,0,0,0,0,0,0,103,0,0,0,0,0	0,0,0,0,0,0,0,0,0,0	0,0,0,0,0,138,2,0,0,0	178	150
3807	0,46,0,0,0,0,0,0,0,0,0,0,0	0,0,0,0,0,0,0,0,0,0,0,0,0	0,0,0,0,0,0,0,0,0,0	23,0,0,0,0,0,0,0,0,0	182	150
3812	0,0,0,0,0,0,0,0,0,0,51,0,0	0,14,0,0,0,0,0,0,0,0,164,0,0	0,0,0,0,0,0,0,0,0,0	0,0,0,0,0,0,30,0,0,0	300	150
3813	0,0,0,0,0,0,0,3,0,0,0,0,0	0,5,0,0,0,0,0,398,0,0,4,0,0	0,0,0,0,0,0,0,10,0,0	0,0,0,0,0,0,1,0,0,0	300	150
3815	0,0,0,0,1,0,0,0,0,0,0,0,0	6,0,0,0,0,0,0,0,0,0,0,0,0	0,0,0,0,0,0,0,0,0,0	0,0,0,0,0,0,0,0,27,0	170	150
3820	0,38,0,0,0,0,0,0,0,0,0,0,0	45,647,2,1,0,50,0,600,101,0,267,184,0	0,0,0,0,0,0,0,0,0,0	504,124,0,0,1,199,410,75,116,8	300	150
3825	0,0,0,0,0,0,0,1,0,0,0,0,0	0,0,0,0,0,0,0,0,0,0,0,0,0	0,0,0,0,0,0,0,0,0,0	0,0,0,0,0,0,90,0,0,3	176	150
3842	0,0,0,0,0,0,0,0,0,0,460,0,0	0,0,0,0,0,0,0,0,0,0,0,0,0	0,0,0,0,0,0,0,0,0,0	0,0,0,0,0,0,0,0,0,1	292	150
3844	0,0,0,0,0,0,0,0,0,0,53,0,0	0,0,0,0,0,0,0,0,0,0,0,0,0	0,0,0,0,0,0,0,0,0,0	0,0,0,0,0,0,34,1,0,0	170	150
3852	20,0,0,0,0,0,0,0,0,0,0,0,0	0,167,0,0,8,82,0,249,65,0,91,110,0	0,0,0,0,0,0,0,0,0,0	2,107,0,321,4,75,207,0,5,0	153	150
3869	0,26,10,0,0,0,0,0,0,0,0,0,0	0,40,0,0,0,0,0,0,0,0,0,0,0	0,0,0,0,0,0,0,0,175,0	0,0,0,0,0,0,87,7,0,1	300	150
3871	0,77,0,0,0,0,0,0,0,0,0,0,0	0,0,0,0,0,0,0,0,0,0,0,0,0	0,0,0,0,0,0,0,0,0,0	0,0,0,0,0,0,0,122,0,0	197	150
3883	0,0,0,0,0,46,0,0,0,0,0,0,0	0,0,0,0,0,0,0,0,5,0,0,0,0	0,0,0,0,0,52,0,0,154,0	0,0,0,0,0,0,0,0,0,0	300	150
3884	0,0,0,0,0,0,0,0,0,0,0,0,0	0,59,0,0,0,0,0,0,0,0,291,0,0	0,0,0,0,0,52,0,0,154,0	0,0,0,0,0,48,0,0,0,0	300	150
3885	0,0,0,0,0,0,0,0,5,0,0,0,0	0,59,0,0,0,0,0,0,0,0,291,0,0	0,0,0,0,0,52,0,0,0,0	0,0,0,0,0,48,0,0,0,0	280	150
3891	0,32,0,125,0,0,0,0,0,0,0,0,0	0,6,0,0,0,0,0,0,0,0,0,0,0	0,0,0,0,0,0,0,0,0,0	0,0,0,0,0,81,0,0,0,0	186	150
3899	0,0,0,0,0,0,0,0,0,0,449,0,0	0,0,0,0,0,0,0,0,0,14,0,0,0	0,0,0,0,0,0,0,0,0,0	0,0,0,0,0,0,0,1,0,0	300	150
3901	0,2,0,0,0,0,0,0,0,0,0,0,0	0,0,0,1,0,0,0,0,13,0,0,337,0	0,0,0,0,0,0,0,0,0,0	0,0,0,0,0,0,6,0,0,0	153	150
3911	36,0,0,0,0,0,0,0,0,0,0,0,0	0,0,0,0,0,0,0,0,0,0,0,0,0	0,0,0,0,2,0,0,0,0,0	197,0,0,0,0,37,0,0,0,0	300	150
3935	0,0,0,95,0,0,0,0,0,0,0,0,0	107,952,3,0,1,5,16,5,45,0,541,147,0	0,0,0,0,0,0,0,0,0,0	2,2,0,0,2,60,348,122,50,2	176	150
3964	0,0,0,0,0,0,0,0,7,0,58,0,0	0,0,0,0,0,0,0,0,0,0,0,0,0	0,0,0,0,0,0,0,63,0,15	0,0,0,0,0,0,0,6,0,0	300	150
3968	0,4,0,0,0,0,0,0,0,0,1,0,0	0,0,0,0,0,0,4,0,13,0,0,0,0	0,0,0,0,0,0,0,0,0,108	0,0,0,0,0,0,0,0,0,0	300	150
3978	0,0,0,0,0,0,0,0,6,0,0,0,0	1,0,0,0,4,0,0,444,0,0,1,4,1	1,43,0,0,0,0,149,0,0,0	0,386,0,0,0,40,1,103,0,0	222	150
3986	0,65,0,0,0,0,0,0,0,0,0,0,0	0,0,0,0,0,0,0,0,0,0,1,0,0	450,0,0,0,0,0,1,0,0,92	0,0,0,0,0,0,0,0,0,0	167	150
3988	0,0,0,0,0,0,0,0,0,0,0,0,0	1,0,0,0,0,0,0,0,0,0,0,0,0	0,0,0,0,0,0,0,0,51,0	0,0,0,0,0,68,1,0,0,0	300	150
4006	0,0,0,0,0,0,0,0,0,0,3,0,0	0,0,0,0,0,0,0,0,0,0,0,0,0	0,0,0,0,0,23,59,0,0,2	0,0,0,152,0,0,27,0,0,0	197	150
4010	0,0,0,0,0,0,0,0,0,0,0,0,0	0,0,1,0,0,172,0,0,0,0,0,0,0	0,0,0,0,0,0,0,0,48,0	0,0,0,0,0,0,0,0,0,0	300	150
4012	0,0,0,0,1,0,0,0,0,0,0,0,0	0,0,0,0,0,0,0,0,0,0,14,0,0	194,0,0,0,0,0,0,0,0,0	0,0,0,0,0,0,0,0,0,0	300	150
4014	0,58,0,0,0,0,0,0,27,0,0,0,0	0,0,0,0,0,0,0,0,22,0,0,0,0	164,0,0,0,0,0,0,0,0,0	0,0,0,0,0,1,0,0,0,0	193	150
4019	0,22,0,0,0,0,0,0,0,0,0,0,0	0,63,0,0,0,0,0,0,0,0,0,0,0	0,0,0,0,0,0,0,0,0,0	0,0,0,0,0,0,109,0,0,0	241	150
4036	0,200,0,0,0,21,0,0,0,0,0,0,0	0,0,0,0,0,0,0,0,0,0,0,413,0	0,2,0,0,0,0,128,1,0,2	0,0,0,0,0,0,0,4,0,0	300	150
4038	0,70,0,0,124,0,0,0,0,0,49,0,0	0,0,0,0,0,0,0,0,8,0,0,0,0	0,0,0,0,0,0,0,0,0,13	0,0,0,0,0,0,0,0,0,0	277	150
4040	8,91,0,0,150,0,50,8,19,375,1,400,0	0,51,0,0,0,0,0,0,0,0,0,1,0	0,399,0,2,6,1,0,0,160,0	0,0,0,0,0,0,0,0,2,0	266	150
4057	0,0,0,0,0,0,0,0,0,0,0,0,0	2,161,0,0,0,0,0,5,28,6,951,492,0	0,0,0,0,0,0,0,56,0,0	1,1,0,0,0,166,241,120,67,0	300	150
4058	0,0,0,0,0,0,0,0,0,0,0,0,0	2,161,0,0,0,0,0,5,28,6,951,492,0	0,0,0,0,0,0,0,56,0,0	1,1,0,0,0,166,241,120,67,0	300	150
4060	0,74,0,0,0,0,0,0,0,0,0,0,0	90,195,0,0,0,357,0,0,58,0,42,1,0	0,0,0,0,0,1,0,94,0,0	0,0,0,0,0,58,168,0,67,0	300	150
4069	23,2,0,0,0,0,0,0,0,0,0,0,0	0,166,0,39,0,119,0,1,4,494,249,0,0	0,0,0,0,0,71,1,198,2,0	0,0,0,0,0,164,259,11,7,108	285	150
4092	0,0,0,0,0,0,0,0,0,0,0,0,213	0,0,0,0,0,0,0,0,0,0,0,0,0	0,224,0,0,0,0,0,0,0,0	0,0,0,0,0,0,0,0,271,0	203	150
4095	0,8,0,0,0,0,0,0,0,0,0,0,0	0,0,0,0,0,0,0,0,0,0,0,0,0	0,0,0,0,0,0,0,0,0,0	0,0,0,0,0,0,0,0,7,0	300	150
4111	0,10,0,0,0,0,0,0,0,0,0,6,0	10,0,0,0,0,0,0,0,0,0,0,1,0	0,0,0,0,0,0,0,0,19,0	0,0,0,0,0,0,0,0,0,0	300	150
4117	0,15,0,0,0,0,0,0,0,164,0,0,0	0,2,0,0,0,0,0,0,0,0,0,0,0	0,0,0,0,0,0,0,0,158,0	0,0,0,0,0,0,0,0,0,0	300	150
4123	3,10,0,0,0,2,0,0,0,0,573,0,0	3,0,0,0,462,0,0,0,0,0,0,0,0	0,0,0,0,7,0,133,0,0,0	0,0,0,0,0,0,0,0,0,0	155	150
4151	0,0,0,0,0,0,0,0,15,0,0,0,0	1,79,1,209,0,66,0,0,0,0,3,0,0	0,0,0,0,0,0,0,0,0,0	0,6,0,0,0,0,2,0,0,1	197	150
4163	0,94,0,0,0,0,0,0,0,0,0,0,0	0,2,0,0,0,0,0,0,15,1,0,0,0	217,0,0,0,0,0,0,0,29,0	0,0,0,0,0,42,328,0,0,0	300	150
4202	0,0,0,0,0,0,0,0,0,0,1,0,0	0,0,0,0,0,0,0,0,31,0,0,0,0	0,0,0,0,0,0,0,0,0,0	0,0,0,0,0,39,0,0,0,0	175	150
4207	0,0,0,0,0,40,0,0,31,0,0,0,0	0,0,0,0,0,0,0,0,0,0,0,1,4	0,0,0,0,0,0,66,0,0,0	0,0,0,0,2,0,0,127,0,0	242	150
4213	0,171,0,0,0,289,0,2,4,2,717,0,0	0,0,0,0,0,0,0,1,16,0,0,0,0	0,0,0,1,0,2,96,3,0,0	0,0,0,0,0,0,0,0,0,0	206	150
4219	0,0,12,0,0,0,0,0,6,0,8,0,0	0,89,201,70,0,0,0,0,0,0,0,0,1	0,0,0,278,0,0,0,0,0,0	0,0,0,0,0,1,0,0,217,67	194	150
4230	0,118,0,0,0,0,0,0,0,204,0,0,0	0,0,0,0,300,0,0,0,0,0,0,0,0	0,634,0,0,0,0,35,0,0,0	0,676,0,0,0,74,0,0,0,0	300	150
4238	0,54,0,0,0,0,0,0,0,0,0,0,0	0,0,0,0,0,0,0,0,0,0,0,0,0	0,0,0,0,0,0,13,0,229,0	3,0,0,0,0,0,0,0,0,0	155	150
4240	0,19,0,0,0,0,0,0,0,0,0,0,0	0,59,0,0,0,0,0,0,0,0,0,0,0	0,0,0,0,0,1,0,0,0,0	0,0,0,0,0,0,0,0,0,0	234	150
4254	3,1,0,0,0,0,0,0,0,0,0,0,0	0,59,1,0,0,50,1,0,0,0,332,0,0	0,0,0,0,0,0,0,0,0,0	0,0,0,0,0,105,233,0,0,0	188	150
4276	0,0,0,0,3,0,0,0,0,0,315,0,0	2,57,0,0,0,0,0,0,0,0,0,0,0	0,0,0,0,0,0,0,0,93,0	0,0,0,0,0,0,0,0,0,0	300	150
4278	0,47,0,0,99,0,0,0,0,0,0,0,0	0,0,0,0,0,0,159,0,0,0,0,0,0	0,0,0,0,0,0,0,10,0,0	0,0,0,0,0,0,146,134,0,0	177	150
4304	0,0,0,0,0,63,0,0,0,0,0,0,0	11,0,0,0,0,0,0,0,0,0,0,0,0	0,0,0,0,0,0,0,0,0,0	0,0,0,0,0,0,0,0,0,8	199	150
4319	0,315,0,661,0,0,0,416,38,0,518,0,21	0,0,0,0,0,0,0,0,0,0,0,0,0	0,42,0,1,16,156,117,66,0,0	0,0,0,0,0,0,0,0,5,0	300	150
4337	0,28,0,15,0,0,0,0,28,0,327,319,0	0,0,0,0,0,0,0,0,0,0,0,0,0	67,0,0,0,0,1,257,1,0,36	0,0,0,0,0,0,5,0,0,0	176	150
4341	0,0,0,0,0,0,0,0,8,0,0,0,0	61,15,0,0,0,0,1,317,11,0,212,187,0	0,0,0,0,0,0,0,0,0,0	0,0,0,0,0,42,0,0,0,0	300	150
4345	0,0,0,0,0,0,0,0,37,0,0,0,0	0,0,1,0,0,0,0,0,0,0,0,0,0	0,0,0,1,0,0,0,0,155,0	0,0,0,0,0,0,0,0,1,0	153	150
4348	0,0,0,0,0,0,0,9,0,0,0,0,0	0,46,0,0,0,0,0,3,0,0,583,0,0	0,0,0,0,0,0,0,0,0,0	0,95,0,0,0,39,490,1,32,106	191	150
4352	0,26,0,0,0,0,0,0,0,0,0,0,0	0,0,0,0,0,0,0,0,0,0,0,0,0	0,0,0,0,0,0,0,0,0,0	0,6,0,0,0,57,0,0,0,0	289	150
4355	1,0,0,289,0,0,0,0,0,0,0,249,0	0,178,0,0,0,51,0,0,0,0,0,51,0	0,0,0,0,0,0,1,0,0,0	0,0,0,0,0,0,0,0,0,0	195	150
4359	0,0,0,0,0,0,0,0,0,0,0,0,0	0,8,0,0,0,0,0,0,0,0,0,0,0	0,0,0,0,0,0,0,0,0,2	0,0,0,0,0,0,0,0,0,0	300	150
4377	0,0,0,0,0,0,0,0,0,1,0,0,0	0,0,0,0,0,0,0,0,0,0,0,0,0	0,0,0,0,0,0,0,0,0,0	0,0,0,0,0,0,0,16,0,0	300	150
4387	0,33,0,0,0,0,0,0,0,0,0,0,0	0,0,0,0,0,0,0,0,0,0,0,0,0	0,0,0,0,0,0,0,0,0,0	0,33,0,0,0,0,0,0,0,0	168	150
4392	0,0,0,0,0,0,0,0,0,0,0,0,0	0,176,0,0,0,0,0,0,0,0,25,44,0	0,0,0,0,0,76,0,0,0,0	103,0,0,0,0,0,0,0,0,0	179	150
4406	0,0,0,0,0,0,0,0,0,0,0,0,0	0,11,0,0,0,0,0,0,0,0,0,0,0	0,0,0,0,0,1,221,2,0,0	0,0,0,0,0,0,0,0,0,0	164	150
4414	11,0,0,0,0,24,0,1,0,0,0,1,1	0,0,0,0,0,0,0,0,0,0,0,0,0	0,0,0,0,0,0,0,0,0,0	0,0,0,0,0,100,0,0,0,0	169	150
4415	47,0,0,0,0,0,0,0,4,0,0,0,0	0,0,0,0,289,0,0,0,0,0,0,0,0	72,0,0,0,0,39,0,0,0,0	0,0,0,0,0,0,0,0,0,0	300	150
4420	0,16,0,0,6,0,0,0,0,0,0,0,0	0,0,0,0,0,0,0,0,0,0,24,0,0	0,0,0,0,0,0,0,0,6,0	0,0,0,0,0,0,0,0,0,0	224	150
4428	0,106,0,0,0,0,0,0,0,0,0,0,0	0,0,0,0,0,0,0,0,0,0,0,0,0	0,0,0,0,0,0,177,0,0,0	0,0,0,0,0,0,0,104,0,0	300	150
4434	0,0,0,2,0,0,0,0,0,0,0,0,0	0,0,0,589,0,0,0,0,26,0,5,0,0	0,0,0,0,0,0,0,0,0,0	0,0,0,0,0,23,0,0,0,0	204	150
4436	0,0,0,0,0,0,0,0,1,0,0,0,0	0,0,0,0,0,0,0,0,0,0,219,0,0	0,0,0,0,0,0,0,1,0,0	0,0,0,0,0,0,0,0,0,0	227	150
4437	72,187,0,74,1,2,199,3,48,7,1588,1323,0	1,198,0,461,0,2,200,0,74,129,1315,264,0	0,1542,0,0,101,513,2264,0,62,1399	0,190,0,21,7,59,2070,0,0,630	254	150
4451	0,11,0,0,0,0,0,0,0,0,0,0,0	0,51,0,0,0,0,0,0,0,0,0,0,0	1,0,0,0,0,0,0,0,6,0	0,0,0,0,0,0,0,0,0,0	300	150
4469	0,53,0,1,1,0,0,0,0,0,0,0,0	0,0,0,0,0,0,0,0,0,0,3,0,0	180,0,0,0,0,0,0,0,0,47	0,0,0,0,0,0,0,0,0,0	237	150
4479	0,0,0,0,0,0,36,0,0,33,0,0,0	0,224,61,26,0,39,1,362,49,0,224,147,0	0,0,0,0,0,74,192,22,0,15	124,0,0,0,0,41,201,0,0,97	274	150
4487	0,34,0,0,0,1,0,0,0,0,76,0,0	34,0,0,0,0,0,0,0,0,0,0,0,0	0,0,0,0,0,45,0,0,0,0	0,0,0,0,0,0,0,0,66,0	161	150
4488	0,0,0,0,0,0,0,0,12,0,0,0,0	0,0,0,0,0,0,0,0,0,0,0,291,0	0,0,0,0,0,0,0,0,0,85	0,0,0,278,0,0,32,0,0,0	197	150
4492	0,73,0,0,0,0,0,0,0,0,0,0,0	0,0,0,0,0,0,2,217,0,0,0,0,0	0,0,0,0,0,0,0,6,0,0	0,0,0,0,0,0,0,0,0,0	300	150
4494	0,0,0,0,0,0,0,0,0,0,1,0,0	0,16,2,0,0,0,0,0,0,0,1,0,0	0,0,0,0,0,0,0,0,0,0	0,22,0,0,24,0,88,6,0,0	300	150
4495	0,0,0,0,0,0,0,0,0,0,0,0,0	0,0,0,0,0,0,0,0,0,0,0,4,0	0,0,0,0,0,0,0,77,0,0	0,0,0,0,0,0,0,0,0,0	194	150
4504	0,0,0,0,0,0,0,0,0,0,0,0,0	0,36,0,0,0,0,0,0,0,0,20,0,0	0,0,0,0,0,0,0,0,6,0	0,0,0,0,0,0,0,0,0,0	300	150
4508	0,0,0,0,0,0,0,0,0,0,51,0,0	0,65,0,0,0,0,0,0,0,0,257,0,0	0,0,0,0,0,0,0,0,0,0	0,0,0,0,0,0,0,1,0,0	275	150
4516	0,44,0,0,0,36,0,0,20,0,73,0,0	0,9,0,0,0,0,0,0,0,0,0,0,0	796,0,0,0,0,0,0,0,0,12	0,0,0,0,0,0,0,0,0,0	300	150
4529	0,58,0,0,0,0,0,0,0,0,0,0,0	0,0,0,0,0,0,0,0,0,0,0,0,0	0,0,0,0,0,0,0,0,28,0	0,0,0,0,0,8,0,0,0,0	206	150
4543	0,0,37,0,0,0,0,0,11,0,326,0,0	0,0,0,0,0,0,0,0,0,0,0,0,0	235,0,0,0,0,206,0,0,4,0	0,34,0,0,0,0,0,0,0,330	180	150
4555	0,0,0,0,0,0,0,0,0,0,0,0,0	0,2,0,0,0,208,0,0,1,0,0,0,0	0,0,0,0,0,1,0,0,0,0	0,0,0,0,0,0,0,0,0,0	158	150
4565	0,0,0,0,0,0,0,0,0,1,0,0,0	0,0,6,0,0,0,0,0,0,0,0,0,0	0,0,0,0,0,16,0,0,0,0	0,0,0,0,0,0,0,79,0,0	188	150
4567	0,0,0,0,0,0,0,0,0,0,0,0,0	0,27,0,0,0,0,0,0,0,0,0,0,0	0,0,0,0,0,79,0,0,0,0	0,0,0,0,0,0,94,0,0,0	153	150
4579	0,0,0,0,0,0,0,0,1,0,0,16,0	0,12,0,0,0,0,0,0,7,0,0,0,0	0,279,0,0,0,0,0,0,0,7	0,0,0,0,0,0,0,0,0,0	186	150
4628	0,0,4,0,0,137,0,0,0,0,0,0,0	13,0,0,0,0,42,0,0,14,0,0,0,0	0,0,0,0,0,0,0,0,0,0	0,0,0,0,0,41,8,10,0,0	239	150
4629	0,47,167,0,13,0,0,0,35,1,1095,1,0	3,0,0,0,0,0,0,0,0,0,0,0,0	0,0,0,0,14,31,77,2,0,0	0,0,0,0,0,0,0,0,0,0	300	150
4639	0,0,0,130,0,0,0,0,0,0,0,208,1119	0,0,0,0,0,0,0,0,0,0,0,0,0	0,0,0,0,0,0,0,0,0,0	0,0,0,0,0,0,0,20,0,0	254	150
4657	0,81,0,1,0,0,1,0,0,0,443,0,1	0,0,0,0,0,0,0,0,0,0,0,127,1	0,0,0,0,0,30,372,0,0,0	0,0,0,0,0,0,0,0,0,0	158	150
4658	0,0,0,0,0,0,0,0,0,0,0,0,0	0,106,0,0,0,0,0,0,10,0,2,0,0	0,0,0,0,0,11,19,0,1,0	0,0,0,0,0,0,231,0,0,0	227	150
4660	0,46,0,0,0,0,0,0,0,0,0,0,0	0,0,0,0,0,1,0,0,0,0,0,0,0	0,0,0,0,0,33,0,0,0,0	0,0,0,0,0,0,0,0,0,0	266	150
4661	0,0,0,0,0,0,0,0,0,0,0,0,0	0,0,0,0,0,1,0,0,0,0,0,0,0	0,0,0,0,0,2,0,0,0,22	0,0,0,0,0,0,0,0,0,0	300	150
4662	0,0,0,0,0,0,0,0,0,0,0,0,0	0,46,0,0,0,0,0,0,0,0,0,0,0	0,0,0,0,0,2,0,0,0,22	0,0,0,0,0,33,0,0,0,0	216	150
4686	0,0,0,0,0,0,0,1,9,0,0,0,0	0,234,0,0,0,0,0,0,0,454,0,0,1	0,0,0,0,0,0,0,0,0,0	0,0,0,0,0,0,135,0,0,0	300	150
4705	0,0,0,0,0,0,0,0,2,0,0,0,0	113,514,0,0,79,1,0,67,23,0,603,1,1217	0,0,0,0,0,0,0,0,0,0	265,112,0,0,0,276,318,191,158,0	231	150
4738	0,0,0,0,0,0,0,257,8,0,0,0,0	0,0,0,0,0,0,0,0,0,0,1,0,0	0,0,0,0,0,0,76,0,0,0	0,0,0,0,0,0,0,0,0,0	155	150
4739	0,0,0,0,0,0,0,0,0,0,0,0,0	0,48,0,0,0,102,0,0,0,0,44,0,0	0,0,0,0,0,0,0,0,1,0	0,0,0,0,0,0,0,0,0,0	212	150
4747	0,0,0,0,0,0,0,1,2,0,0,0,0	0,0,0,0,0,0,0,0,0,0,0,0,0	0,0,0,0,0,0,0,33,0,0	0,0,0,0,0,0,2,0,0,0	155	150
4754	0,41,0,0,0,0,0,0,0,0,0,0,0	0,0,0,0,0,0,0,0,0,0,0,0,0	0,0,0,0,0,0,0,0,0,0	0,0,0,0,0,0,6,0,0,0	159	150
4761	0,0,0,0,86,0,0,0,0,0,0,0,0	0,69,0,0,0,91,0,0,0,0,9,0,0	0,0,0,0,0,0,0,0,0,0	0,0,0,0,6,0,29,0,0,0	182	150
4766	0,125,0,0,257,0,0,0,8,0,0,0,0	0,37,0,0,0,0,0,0,0,0,0,0,0	0,36,0,80,0,14,0,0,0,2	0,0,0,0,0,0,0,0,0,0	263	150
4771	0,56,0,0,0,0,0,0,0,0,0,0,0	0,0,0,0,0,0,0,0,0,0,0,0,0	0,0,0,0,0,0,0,0,0,0	0,0,0,0,0,0,0,0,21,0	300	150
4773	0,0,0,0,31,0,0,0,0,0,0,0,0	0,0,0,0,0,0,0,0,0,0,0,0,0	0,0,0,0,0,0,0,0,0,0	0,0,0,0,0,110,40,0,0,0	210	150
4776	0,0,0,0,0,40,0,0,0,0,0,0,0	0,0,0,0,0,0,0,0,0,0,0,0,0	0,0,0,0,0,0,0,0,0,0	0,0,0,0,0,1,0,0,0,0	164	150
4777	0,0,0,0,0,0,0,203,0,0,0,0,0	0,2,0,0,0,5,0,0,0,0,3,0,0	0,51,0,0,0,0,0,0,0,0	195,176,0,0,0,17,12,0,0,0	177	150
4804	0,142,68,0,0,0,0,0,25,20,811,0,0	0,50,0,0,0,0,0,19,23,0,0,0,0	4,129,0,0,80,30,246,0,85,57	394,7,0,0,37,0,605,69,1,15	300	150
4805	0,83,38,0,0,116,0,0,0,0,0,0,0	0,25,0,0,0,18,0,0,0,0,0,0,0	0,0,0,0,0,115,2,153,101,0	0,0,0,0,0,0,0,0,0,0	158	150
4808	0,0,0,0,0,0,0,0,5,0,0,0,0	12,21,0,42,0,0,0,0,17,0,233,0,0	0,0,0,0,0,0,0,0,0,0	17,61,0,0,0,129,4,0,2,0	155	150
4810	0,3,0,0,0,0,0,0,0,0,0,0,0	0,2,0,0,0,0,0,0,0,103,205,0,0	60,9,0,0,1,7,0,0,0,0	0,60,0,0,0,7,1,0,24,0	155	150
4829	0,0,0,40,144,0,0,0,0,0,0,0,0	0,70,0,0,0,0,0,0,0,0,0,0,0	0,0,0,0,0,1,30,0,4,97	0,0,0,0,0,0,0,0,100,0	300	150
4831	1,34,0,0,0,0,0,0,14,0,0,0,0	0,0,0,0,0,96,0,0,33,0,0,0,0	0,0,0,0,0,21,0,0,0,0	0,0,0,0,0,0,2,0,0,0	224	150
4834	0,0,0,0,0,0,0,0,0,0,0,0,0	0,46,0,0,0,0,0,0,28,0,0,0,0	0,0,0,0,0,23,0,0,0,0	0,0,0,0,0,0,148,0,0,0	194	150
4841	7,4,0,0,0,0,0,0,5,0,0,0,0	0,0,0,0,0,0,0,0,0,0,0,0,0	0,0,0,0,0,10,0,0,0,0	0,26,0,0,23,0,0,4,0,0	179	150
4847	0,62,0,0,0,0,0,0,2,0,0,0,0	0,0,0,0,0,1,0,0,0,0,0,0,0	0,0,0,0,0,44,0,0,90,0	0,0,0,0,0,0,0,0,0,0	187	150
4853	0,0,0,0,0,241,0,0,0,0,0,0,0	0,0,0,0,0,0,0,0,0,0,0,0,0	0,0,0,0,0,0,0,0,0,0	0,0,0,0,0,0,97,0,0,0	300	150
4870	0,0,0,0,0,0,0,0,0,203,0,0,0	0,1,0,0,0,0,0,0,0,0,0,0,0	0,18,0,0,0,89,72,0,1,0	0,0,0,0,0,0,0,0,0,0	300	150
4882	0,0,0,0,0,0,0,0,0,0,0,0,0	0,49,0,0,0,0,0,0,0,0,0,0,0	0,0,0,0,0,0,0,0,11,0	0,0,0,0,0,0,0,0,0,0	157	150
4890	0,91,0,91,0,0,0,0,0,0,0,0,0	0,0,0,0,2,0,0,0,0,0,24,90,0	0,0,0,0,0,0,0,0,60,0	0,0,0,0,0,0,0,0,0,0	262	150
4893	0,0,0,0,0,0,0,0,0,0,0,0,0	0,0,0,0,0,0,0,0,14,0,0,0,0	0,0,0,0,0,0,0,0,2,0	0,0,0,0,0,1,0,34,0,0	171	150
4902	0,0,0,0,0,0,0,0,0,0,0,0,0	263,0,0,0,0,0,0,0,0,0,0,0,0	0,0,0,0,0,70,0,0,0,0	0,0,0,0,0,0,0,0,0,0	158	150
4910	0,0,0,12,0,0,0,189,0,0,0,0,0	0,0,0,0,108,0,0,0,0,0,122,0,0	0,113,0,0,0,0,0,0,0,184	0,0,0,0,0,0,0,0,23,0	158	150
4915	0,0,0,0,0,0,0,0,24,0,0,0,0	0,0,0,0,0,0,0,0,7,0,0,0,0	0,0,0,0,0,0,0,0,0,0	254,96,0,0,0,0,67,0,35,0	161	150
4917	0,0,0,0,0,0,0,0,0,0,0,0,0	0,150,0,0,0,0,1,0,0,0,0,901,0	0,0,0,0,0,0,2,44,0,0	1,0,0,0,0,11,71,0,127,4	173	150
4924	0,0,0,0,0,0,0,0,0,0,48,0,0	0,0,0,0,0,0,0,0,0,0,0,232,0	0,204,0,0,0,0,223,0,0,0	0,0,0,0,9,0,0,0,0,0	300	150
4935	0,7,0,2,0,0,0,0,0,0,0,43,0	1,100,0,0,0,52,0,0,26,0,0,0,1	0,0,0,0,0,31,0,77,0,0	0,0,0,0,0,5,0,23,0,26	300	150
4936	0,4,0,2,0,0,0,0,0,0,0,43,0	1,100,0,0,0,52,0,0,26,0,0,0,1	0,0,0,0,0,31,0,77,0,0	0,0,0,0,0,5,0,23,0,26	298	150
4937	0,4,0,2,0,0,0,0,0,0,0,43,0	1,100,0,0,0,52,0,0,26,0,0,0,1	0,0,0,0,0,31,0,77,0,0	0,0,0,0,0,5,0,23,0,26	300	150
4941	0,0,508,128,0,0,0,0,0,0,0,0,0	7,158,0,0,0,52,0,0,26,0,0,0,0	0,0,0,0,0,0,0,0,2,0	0,0,0,0,0,55,2,23,0,0	228	150
4942	0,0,0,0,0,0,0,0,0,0,184,0,0	0,59,0,0,0,27,0,0,0,446,0,0,0	0,0,0,0,0,0,0,0,0,0	0,17,0,0,0,98,0,0,73,0	154	150
4954	0,47,1,0,0,2,0,0,6,0,0,3,0	0,46,0,0,0,65,0,0,15,0,0,0,0	0,0,0,0,0,0,52,0,0,0	0,0,0,0,0,0,275,0,0,0	300	150
4959	0,0,0,0,0,0,0,0,0,0,0,0,0	189,0,0,0,0,238,0,0,0,0,0,23,0	0,0,0,0,0,21,0,0,0,0	0,0,0,0,0,1,0,0,0,0	171	150
4962	0,29,0,6,0,0,0,0,0,0,0,0,0	0,0,0,327,0,0,0,0,0,0,0,0,0	0,0,0,0,0,0,0,0,0,0	0,0,0,0,0,14,0,0,0,0	300	150
4963	0,0,0,0,0,2,0,0,0,0,0,0,0	0,0,0,0,0,0,0,0,0,0,0,0,0	0,0,0,0,0,0,0,0,0,0	0,0,0,0,0,0,0,0,6,0	164	150
4966	0,0,0,0,0,0,0,0,19,0,0,0,0	0,0,0,0,0,0,0,0,3,0,0,0,0	0,0,0,0,0,0,0,0,0,0	0,1,0,0,0,0,64,0,317,0	300	150
4983	0,9,0,0,0,0,0,0,0,0,0,0,0	88,0,0,0,0,0,0,0,0,0,0,0,0	0,0,0,0,0,0,0,0,78,32	0,0,0,0,0,0,0,0,0,0	191	150
4990	0,33,0,0,0,0,0,0,0,0,0,0,0	0,0,0,0,0,0,0,0,0,0,0,0,0	0,0,0,0,0,0,0,4,0,0	0,0,0,0,0,5,0,0,0,0	236	150
5004	0,0,0,0,0,0,0,0,0,0,0,0,0	0,8,0,472,0,0,0,0,0,0,0,14,0	0,0,0,0,0,33,0,0,0,0	0,0,0,0,0,0,136,6,0,0	217	150
5008	1,75,0,0,0,116,0,415,0,1,0,0,0	0,0,0,0,0,0,0,0,0,0,0,0,0	0,0,0,0,0,34,2,110,0,0	0,0,0,0,0,0,0,0,4,0	173	150
5009	0,0,0,0,0,0,0,0,0,0,0,0,0	4,51,0,0,0,0,0,0,16,0,403,0,0	137,0,0,0,0,0,62,0,0,0	0,0,0,0,0,0,3,0,22,0	161	150
5029	0,52,0,0,0,0,0,0,0,0,0,10,0	0,70,0,0,0,0,0,0,0,2,0,0,0	35,0,0,0,0,0,0,0,0,0	132,66,0,0,38,0,12,64,0,0	238	150
5036	0,29,0,0,0,99,0,0,0,0,0,0,0	23,135,238,0,0,80,0,169,0,0,0,0,0	0,0,0,0,0,12,30,0,0,0	0,0,0,0,0,39,0,0,0,0	300	150
5055	0,0,0,0,0,0,0,0,39,0,1,0,0	0,65,0,0,0,0,0,0,0,0,0,0,0	0,0,0,0,0,16,0,0,75,0	0,0,0,0,0,0,52,0,0,0	300	150
5064	0,0,0,0,15,0,0,0,0,0,0,0,0	0,38,0,0,0,0,0,0,0,0,0,0,0	0,0,0,0,0,14,0,0,0,0	0,0,0,0,0,0,0,0,0,0	300	150
5067	141,0,0,0,0,0,0,0,21,0,0,0,0	0,56,0,0,0,0,0,0,20,0,0,0,0	0,0,0,0,0,0,0,0,0,0	108,0,0,0,0,0,0,0,0,0	204	150
5068	0,0,0,0,0,0,0,0,0,0,0,0,0	0,31,0,0,0,0,0,0,0,0,0,0,0	0,0,0,0,0,22,0,0,0,0	0,0,0,0,0,0,0,0,0,0	244	150
5071	0,70,0,0,0,0,0,0,0,0,0,0,0	0,27,0,0,0,0,0,0,0,0,0,0,470	0,0,0,0,0,26,0,0,0,0	1,0,0,0,0,3,0,0,0,0	262	150
5081	0,0,0,0,0,0,0,0,0,0,0,269,0	0,45,0,0,0,0,0,0,0,0,27,0,0	0,0,0,0,0,0,0,0,0,0	4,0,0,0,0,44,14,7,0,2	165	150
5096	0,71,0,0,0,0,0,0,0,0,0,0,1	0,0,0,0,0,0,0,454,0,0,1,361,0	0,0,0,0,0,64,0,0,12,4	0,0,0,0,1,0,87,0,6,116	239	150
