ID	IJC_SAMPLE_1	SJC_SAMPLE_1	IJC_SAMPLE_2	SJC_SAMPLE_2	IncFormLen	SkipFormLen
5	0,0,0,0,0,0,0,0,0,0,0,92,0	0,0,0,0,0,0,0,0,0,0,0,0,0	0,0,0,0,0,0,0,0,0,0	0,0,0,0,0,26,0,0,0,0	203	284
10	0,96,0,0,0,0,0,0,0,0,133,0,0	0,0,0,0,0,0,0,0,1,0,0,0,0	0,0,0,0,0,0,0,0,0,0	0,0,0,0,0,0,69,0,0,0	194	224
15	0,33,0,0,0,0,0,0,1,0,112,0,0	0,86,0,0,0,0,0,0,0,0,0,0,0	0,0,0,0,0,0,0,0,31,0	0,0,0,0,0,0,0,0,0,0	254	300
28	0,0,0,0,0,0,0,0,0,0,185,2,0	0,0,0,0,0,0,0,0,0,0,319,0,0	0,0,0,0,0,0,0,0,0,18	0,0,0,0,0,0,0,0,0,0	300	187
29	0,0,0,0,0,0,0,0,0,0,185,2,0	0,0,0,0,0,0,0,0,0,0,319,0,0	0,0,0,0,0,3,0,0,0,18	0,0,0,0,0,0,0,0,0,0	299	187
31	0,0,0,0,0,0,0,0,0,0,185,2,0	0,0,0,0,0,0,0,0,0,0,319,0,0	0,0,0,0,0,0,0,0,0,18	0,0,0,0,0,0,0,0,0,0	300	187
37	0,88,0,0,0,0,0,1,63,0,12,0,0	0,73,0,0,0,0,0,0,30,0,0,0,0	238,0,0,0,0,122,0,0,0,0	0,15,0,0,0,0,0,0,0,0	266	300
41	3,19,0,233,0,0,0,0,2,0,0,1,0	0,0,0,1,0,0,0,0,0,0,0,0,0	0,466,0,0,0,0,139,150,0,0	0,0,0,0,0,50,361,0,1,0	176	173
43	0,0,0,0,0,1,0,0,0,0,0,0,0	0,41,0,0,0,0,0,0,2,0,0,39,0	0,0,0,0,0,0,0,0,0,0	1,0,0,0,0,0,0,0,0,0	181	208
48	0,90,0,0,1,1,0,19,0,0,239,0,0	0,60,0,67,0,0,0,0,3,0,0,0,0	0,5,0,0,0,4,0,0,0,0	0,0,0,0,0,70,2,0,3,0	300	272
49	0,0,0,0,0,0,0,0,0,0,0,0,0	11,71,0,0,0,0,0,0,0,0,0,0,0	0,359,0,0,0,0,0,0,0,0	0,3,0,0,0,0,0,0,0,0	218	184
50	0,89,0,0,0,0,0,0,0,0,0,159,0	0,62,0,0,4,4,0,0,0,0,3,0,0	0,0,0,0,0,8,98,0,0,0	0,0,0,0,0,0,150,0,327,0	275	298
52	59,55,0,0,0,0,0,0,6,431,340,19,0	0,0,0,0,0,0,0,0,0,0,0,0,0	42,0,0,0,34,53,34,57,0,0	0,0,0,0,0,57,0,0,0,0	300	221
53	59,55,0,0,0,0,0,0,6,431,340,19,0	0,0,0,0,0,0,0,0,0,0,0,0,0	42,0,0,0,34,53,34,57,0,0	0,0,0,0,0,57,0,0,0,0	300	224
54	0,123,0,0,0,50,0,19,0,0,775,1,0	0,0,0,0,0,0,0,0,0,0,0,0,0	220,0,0,0,0,97,33,1,5,0	0,0,0,0,0,57,0,0,0,0	257	224
65	7,99,0,0,0,0,0,0,0,0,0,0,0	0,0,0,0,0,0,0,0,1,0,0,0,0	0,0,0,0,0,58,0,8,0,0	0,0,0,0,0,21,0,0,0,0	299	238
69	0,2,0,0,0,132,0,0,0,0,0,0,0	0,0,0,0,0,0,0,0,0,0,0,0,0	0,0,0,0,0,0,153,0,0,0	0,0,0,0,0,0,22,0,0,0	198	191
74	0,0,0,0,0,0,0,0,0,0,0,0,0	0,0,27,0,0,0,0,0,30,0,251,0,0	0,0,0,0,0,0,0,0,111,0	0,0,0,0,0,0,228,0,0,0	300	288
75	27,0,0,0,0,0,0,0,0,0,0,0,0	0,0,0,0,0,0,0,0,0,0,0,0,0	0,0,0,0,0,0,0,0,0,0	0,0,0,0,0,0,0,47,0,0	288	300
78	0,174,0,0,0,0,0,0,0,0,0,0,0	0,0,0,0,0,0,2,0,0,0,0,0,0	0,0,0,0,0,0,0,0,0,67	0,0,0,0,35,0,150,0,6,0	251	247
80	0,0,0,1,0,0,0,0,0,0,0,1,0	73,0,0,0,16,0,0,0,0,0,0,0,0	0,0,0,0,0,0,0,0,97,0	0,0,0,0,0,0,0,0,0,0	300	208
81	0,1,0,0,0,1,0,0,9,0,241,0,0	0,125,0,0,0,0,0,1,6,1,0,0,0	0,0,0,0,0,115,0,0,0,0	0,0,0,0,0,104,0,0,44,85	225	225
85	0,0,0,59,0,0,0,0,0,0,0,0,0	0,0,0,184,0,0,0,0,0,0,0,0,0	0,0,0,0,0,0,74,0,0,1	0,0,0,0,0,0,0,0,0,0	158	170
86	0,0,0,0,0,0,0,0,41,0,0,0,0	0,111,0,184,0,0,0,0,0,0,0,0,0	0,1,0,0,0,0,0,0,0,0	0,0,0,0,0,36,0,0,0,0	218	167
90	0,45,0,11,0,15,0,318,0,0,371,0,0	0,0,0,12,0,0,0,0,22,0,0,50,0	1,0,0,0,0,0,0,75,0,0	1,0,0,0,0,0,0,3,0,0	300	262
93	0,0,0,0,12,0,0,0,0,0,0,0,0	0,0,0,0,0,30,0,0,0,0,0,0,0	0,0,0,0,0,0,3,0,0,0	0,0,0,0,0,0,0,0,0,0	211	247
97	0,0,0,0,0,0,0,0,0,0,0,0,0	0,3,0,0,0,0,0,0,24,0,0,0,0	0,0,0,0,0,0,0,0,2,0	0,0,0,0,0,0,0,0,0,0	271	255
113	0,57,0,0,0,0,0,0,0,0,0,0,0	0,72,0,0,0,0,0,12,13,0,2,0,0	0,0,0,0,0,0,0,0,0,11	326,0,0,0,0,36,51,0,0,0	192	300
114	0,4,422,0,0,0,0,207,0,0,0,0,0	0,14,64,0,0,0,0,1,0,0,0,0,0	154,0,0,0,0,0,0,0,0,0	0,0,0,0,0,38,1,0,0,0	300	227
126	0,0,0,0,0,0,0,0,0,0,0,0,0	0,0,0,0,0,137,0,0,0,1,441,0,0	531,0,0,0,0,0,0,0,0,0	378,1,0,0,0,0,1,0,1,0	258	289
128	0,131,0,0,0,0,0,0,0,0,157,0,0	0,0,0,0,0,0,0,0,0,0,0,0,0	0,0,0,0,0,0,0,0,0,0	0,0,0,0,0,0,1,0,0,0	202	206
154	0,0,159,0,0,0,0,0,0,0,191,0,0	0,109,0,0,0,0,0,0,0,0,0,7,0	2,0,0,0,0,0,206,0,0,0	0,0,0,0,0,0,0,2,0,0	300	300
157	0,0,0,0,0,0,0,654,0,0,0,0,0	0,0,0,0,0,0,0,0,0,0,0,0,0	0,1,0,0,0,0,0,0,0,0	0,0,0,0,0,1,0,0,0,0	261	202
160	0,99,0,0,0,0,0,0,0,0,0,0,0	0,0,0,0,0,0,0,0,0,0,0,0,0	0,0,0,0,0,0,0,12,0,0	0,0,0,0,0,0,0,133,0,0	294	295
161	0,99,0,0,0,0,0,0,0,0,0,0,0	0,0,0,0,0,0,0,0,0,0,0,0,0	0,0,0,0,0,0,0,0,0,0	0,0,0,0,0,0,0,133,0,0	275	295
164	27,0,0,0,0,0,0,0,0,0,0,0,0	0,6,0,0,0,0,0,0,0,0,0,0,0	0,0,0,0,0,0,0,0,0,0	0,0,0,0,0,10,0,0,0,0	253	208
166	0,0,0,0,0,0,0,0,0,0,0,0,0	5,0,0,0,0,0,0,0,0,0,0,0,0	0,0,0,0,0,23,0,0,239,0	0,0,0,0,0,0,0,0,65,0	218	300
168	0,0,0,0,0,0,0,0,0,0,0,0,0	0,59,12,69,0,0,0,0,14,0,0,131,0	0,0,0,0,0,0,27,0,0,0	0,0,0,0,0,0,0,0,0,1	185	270
169	0,95,12,0,0,0,0,0,0,0,0,131,0	0,0,0,0,0,13,0,0,0,0,0,0,0	0,0,0,0,0,0,0,0,0,0	0,0,0,0,0,13,0,0,0,0	243	300
170	2,0,0,0,0,0,0,124,0,0,0,0,1	0,0,0,0,0,0,0,0,0,0,0,0,0	0,0,0,0,0,0,0,0,1,0	1,0,0,0,0,0,0,0,0,0	300	300
180	0,56,0,0,0,0,0,0,0,0,0,0,0	0,0,0,0,0,0,1,0,0,0,0,0,0	0,0,0,0,0,0,0,0,0,0	0,0,0,0,0,78,0,0,0,0	185	268
184	78,0,0,0,0,0,0,0,0,0,0,0,0	0,58,176,0,8,0,0,0,0,0,231,2,0	0,0,0,0,0,0,0,0,0,0	0,0,0,0,0,19,0,0,0,0	272	300
189	14,0,0,0,0,0,0,73,0,50,0,29,0	0,36,0,0,0,0,0,0,0,0,0,21,0	244,0,0,0,0,35,39,0,0,0	345,0,0,0,0,0,0,0,0,0	285	240
190	0,0,0,0,0,0,0,0,0,0,0,0,0	0,61,0,0,0,0,0,0,5,0,200,141,0	0,0,0,0,0,13,0,0,0,0	0,662,0,0,0,53,1,0,248,0	278	278
208	0,39,0,0,1,9,0,0,0,0,0,0,0	0,165,0,0,0,7,0,0,0,0,0,0,0	1,0,0,0,0,12,67,0,0,0	0,0,0,0,0,64,206,0,0,0	300	293
210	0,0,0,0,0,0,0,0,0,0,0,0,0	0,2,0,0,0,0,0,0,0,0,15,0,0	0,189,0,0,0,0,0,0,0,0	0,0,0,0,0,0,0,0,0,0	240	237
217	4,0,0,0,0,0,0,0,0,0,52,0,0	0,0,0,0,0,0,0,0,1,0,0,0,0	0,0,0,0,0,6,0,0,0,204	0,0,0,0,0,42,235,0,5,0	239	300
225	0,87,0,0,1,0,0,0,2,0,0,0,558	0,62,0,0,0,36,0,0,35,0,0,0,0	0,0,0,0,0,0,0,4,0,0	0,0,0,0,0,0,0,0,0,24	274	273
229	0,2,0,0,0,0,0,0,19,0,0,0,0	0,29,0,0,0,0,0,0,0,0,0,0,0	0,0,0,0,0,0,66,0,0,0	0,0,0,0,0,0,0,0,0,0	234	300
258	0,31,0,0,0,0,0,0,0,0,0,0,0	10,59,0,91,0,0,0,0,0,0,0,0,0	0,0,0,0,0,0,0,0,0,0	0,0,0,0,0,10,20,0,0,0	211	268
260	0,112,0,0,0,0,0,0,29,0,1,0,0	0,1,0,0,0,0,0,0,25,0,0,0,0	318,0,0,0,0,0,0,176,31,0	0,0,0,0,0,2,151,0,241,0	300	300
267	0,0,0,0,0,0,0,0,0,0,0,0,0	0,0,0,0,0,0,0,0,0,0,165,0,0	0,0,0,0,0,3,6,0,0,0	0,0,0,0,0,0,0,0,0,0	300	269
268	0,0,0,0,0,0,0,0,0,0,0,0,0	0,0,0,0,20,0,0,0,0,0,0,0,0	0,0,0,0,0,0,2,0,0,0	0,0,0,0,0,147,0,0,0,0	182	268
277	0,22,0,0,0,0,0,4,7,0,0,0,0	0,0,0,0,0,0,0,0,0,0,0,0,0	0,0,0,0,0,0,0,0,0,0	0,0,0,0,0,1,0,0,0,0	225	279
280	0,9,0,0,0,0,0,0,0,0,0,0,0	0,9,0,0,0,0,0,0,0,0,0,0,0	0,15,0,0,0,0,0,0,0,0	0,0,0,0,0,0,0,0,0,0	300	274
284	0,83,0,0,0,0,0,284,0,0,0,0,0	31,93,0,0,197,120,0,0,0,0,1,0,0	148,0,0,0,2,0,0,0,0,0	0,0,0,0,0,75,0,0,0,0	300	266
293	0,0,0,0,0,0,0,0,0,0,0,0,0	0,0,0,0,0,0,0,0,0,0,150,0,0	0,0,0,0,0,0,1,0,0,0	0,0,0,0,0,0,0,0,0,0	233	295
312	0,0,0,0,0,0,0,0,0,0,10,0,0	0,0,0,0,0,0,0,254,0,0,0,0,0	0,0,0,0,0,0,0,0,0,0	0,0,0,0,0,0,98,43,0,0	241	257
316	0,34,0,0,0,0,0,0,0,0,0,0,0	0,3,0,0,0,0,0,0,24,623,0,0,0	0,0,0,0,0,0,194,0,0,0	0,0,0,0,0,0,0,102,0,0	300	218
350	3,1,0,178,0,0,0,0,0,0,0,2,0	0,113,353,248,0,184,0,0,0,0,0,0,0	0,0,0,0,0,1,0,0,0,0	0,0,0,0,0,33,0,0,81,190	245	300
356	0,0,361,0,0,0,0,0,0,0,0,0,0	0,0,0,0,0,0,0,0,0,0,0,0,0	0,1,0,0,0,0,0,0,0,0	0,0,0,0,0,0,0,0,386,0	261	213
357	0,0,361,0,0,0,0,0,0,0,0,0,0	0,0,0,0,0,0,0,0,0,0,0,0,0	0,1,0,0,0,0,0,0,0,0	0,0,0,0,0,0,14,0,0,0	300	290
371	0,56,0,0,0,0,0,0,4,0,0,0,0	0,0,0,0,0,0,0,0,0,0,0,0,0	0,0,0,0,0,0,0,0,0,0	0,0,0,0,11,0,0,0,0,0	262	300
375	1,127,0,0,0,0,0,0,1,0,472,6,1	0,0,0,0,0,253,0,0,0,0,19,0,0	0,0,0,0,0,47,148,106,1,0	0,0,0,0,0,0,179,58,1,155	276	300
377	76,192,806,0,0,249,0,1,75,0,193,12,0	0,111,8,0,123,1,0,4,68,0,0,0,0	16,290,0,0,0,97,607,30,3,0	0,180,0,0,22,1,291,28,148,6	300	246
378	0,45,0,0,0,0,0,0,0,0,0,0,0	0,54,0,0,0,10,0,0,0,0,0,0,0	0,0,0,0,0,0,0,0,0,85	0,0,0,0,0,28,0,0,0,0	237	236
379	0,0,0,0,0,1,0,0,0,0,0,0,0	0,2,0,0,0,57,0,0,0,0,0,0,0	0,38,0,0,0,0,2,0,0,0	0,0,0,0,0,28,56,0,0,0	185	244
381	0,0,0,0,0,0,0,0,0,0,183,0,0	0,0,226,0,0,8,0,0,0,0,9,0,0	0,1,0,0,0,0,0,0,0,0	0,0,0,0,0,0,50,24,0,1	225	225
383	0,2,0,0,0,0,0,0,0,0,183,0,0	2,18,0,0,0,391,0,0,0,0,0,0,0	0,0,0,0,0,10,139,0,0,0	0,484,0,0,0,52,53,0,0,0	250	300
388	0,40,0,0,0,0,0,0,0,0,0,0,0	1,147,0,0,0,0,1,1,0,0,0,0,0	0,0,0,0,0,0,0,0,0,0	0,161,0,0,0,0,103,0,0,0	230	259
394	0,16,0,0,0,0,0,0,0,0,0,0,0	0,64,0,0,0,0,0,0,0,0,0,0,0	0,0,0,0,0,0,6,9,0,0	0,0,0,0,0,56,0,7,0,0	241	205
405	0,0,0,0,0,0,0,0,0,0,0,0,0	0,46,0,0,0,0,0,0,0,0,0,0,0	0,0,0,0,59,175,0,0,0,0	0,0,0,0,0,4,0,0,0,0	288	233
407	0,18,0,49,0,0,0,0,0,2,0,1,0	0,296,220,0,0,84,0,0,19,0,826,1,0	0,0,0,0,0,0,0,9,0,0	1,1,0,0,0,60,1,3,0,0	254	296
422	0,0,0,0,0,0,0,0,0,0,0,0,0	0,0,0,0,0,0,0,0,0,0,0,0,1	42,0,0,0,0,0,5,0,0,0	0,0,0,0,0,0,0,0,0,0	260	300
436	0,0,0,0,125,0,0,0,0,0,0,0,0	0,7,0,0,0,0,0,0,0,0,0,0,0	0,0,0,0,0,0,0,112,0,0	0,0,0,0,0,0,0,0,0,0	235	291
439	60,0,0,0,0,0,0,0,0,0,1,0,0	0,125,0,0,0,0,0,0,0,0,0,1,0	0,0,0,0,0,0,0,0,0,0	0,0,0,0,0,0,0,98,0,0	206	290
440	59,0,0,0,0,0,0,0,0,0,7,2,0	0,148,0,0,0,0,0,0,0,0,1,238,0	0,0,0,0,0,0,0,0,0,0	0,0,0,0,0,1,0,5,0,344	290	293
444	52,142,0,2,0,389,0,0,0,0,11,0,0	0,109,8,46,0,283,0,0,19,0,2,0,0	0,84,0,0,0,28,3,0,0,0	0,418,0,0,0,0,299,0,191,0	182	218
459	40,157,0,0,0,0,0,0,23,0,0,1,0	0,0,0,3,0,0,0,0,0,0,0,0,0	0,0,0,0,0,0,0,135,0,0	0,0,0,0,0,22,281,1,0,0	239	212
460	0,94,0,0,0,0,0,0,0,0,0,14,0	0,12,0,0,0,0,0,0,0,0,0,0,0	92,1,0,0,0,118,324,73,0,0	124,0,0,0,0,0,182,0,0,0	248	239
461	0,59,0,0,0,5,0,0,0,12,0,0,0	3,82,0,0,0,0,0,0,0,0,0,14,0	0,0,0,0,0,0,0,0,0,0	0,0,0,0,0,0,0,12,0,0	219	210
465	17,0,0,0,0,78,0,0,16,0,0,0,0	0,0,0,0,0,0,0,0,0,0,148,0,0	0,0,0,0,0,0,0,0,0,0	0,86,0,0,0,0,0,0,0,0	272	300
474	0,32,0,0,0,6,0,0,0,5,0,0,0	0,12,0,0,0,0,0,0,0,0,0,0,0	0,0,0,0,0,14,0,0,0,0	205,0,0,0,0,0,141,1,0,0	269	257
480	0,74,0,0,0,96,0,0,0,0,0,0,0	0,42,0,0,0,0,0,0,0,0,0,0,0	0,0,0,0,0,60,0,0,0,0	0,0,0,0,0,22,0,0,0,0	217	240
481	0,74,0,0,0,96,0,0,0,0,0,0,0	0,106,0,0,0,0,0,0,0,0,0,0,0	420,0,0,0,0,60,0,0,0,0	0,0,0,0,0,0,0,0,0,0	217	284
488	0,0,0,0,0,0,0,0,0,0,0,0,0	5,0,0,0,0,0,0,400,0,0,0,0,0	1,0,0,0,0,0,0,0,0,0	0,0,0,0,0,0,0,0,0,0	233	221
490	0,0,0,0,0,0,0,0,0,0,77,0,0	0,0,0,0,0,190,0,0,0,0,0,0,0	0,0,0,0,0,0,0,0,0,0	0,0,0,0,0,0,126,0,1,0	215	209
504	0,21,0,0,1,0,0,1,49,0,0,426,0	0,35,0,0,407,0,0,1,3,133,0,394,0	0,0,0,0,0,0,0,0,279,146	0,0,0,565,0,3,249,0,0,0	250	265
505	0,1,0,0,0,0,0,0,0,0,0,422,0	0,0,0,0,0,1,0,0,47,0,0,0,0	0,0,0,0,0,80,52,0,0,50	0,0,0,1,0,72,210,0,0,162	234	250
506	0,0,0,12,87,0,0,0,0,0,209,0,0	0,0,0,0,0,0,0,0,13,0,0,0,0	0,0,0,0,0,0,0,0,0,0	0,0,0,0,0,0,0,48,0,0	229	256
508	86,39,0,0,0,0,0,0,0,0,182,0,0	0,0,0,0,0,0,0,0,0,0,0,0,0	0,1,0,0,0,111,160,0,1,0	0,0,0,0,0,0,0,14,0,0	227	227
510	0,0,0,0,0,0,0,0,0,0,0,0,0	0,24,0,0,0,0,0,0,0,0,0,0,0	0,0,0,0,0,12,0,1,0,0	0,0,0,0,0,0,0,73,0,0	245	243
515	16,0,0,0,0,0,0,0,0,0,0,0,0	0,57,0,1,0,0,0,39,0,146,0,2,0	0,0,0,0,0,0,0,0,0,0	0,11,0,0,17,130,3,0,0,154	300	275
521	0,0,0,0,0,0,0,0,0,0,63,0,0	28,0,0,0,0,0,0,0,0,0,0,0,0	0,0,0,0,0,0,0,0,0,0	2,1,0,0,0,47,1,0,0,0	254	278
526	0,178,0,0,109,2,0,0,0,0,0,0,0	0,0,0,0,0,0,0,0,0,0,0,0,0	0,0,0,0,0,0,0,54,0,0	0,0,0,0,0,0,0,0,0,172	272	300
528	0,0,0,0,0,1,0,0,0,0,0,410,0	8,114,0,0,0,5,0,0,0,0,0,0,0	0,0,0,0,0,0,0,0,3,0	0,0,0,0,0,1,0,0,0,0	300	224
534	0,0,0,0,0,0,0,0,0,0,6,0,0	0,5,0,0,0,0,0,0,0,0,0,0,0	0,0,0,0,0,0,0,0,0,0	0,0,0,0,0,0,0,0,0,235	192	226
535	0,0,0,0,0,0,0,0,0,0,796,0,0	0,0,0,0,0,0,0,0,0,0,1,0,0	0,0,0,0,0,0,0,0,15,0	0,0,0,0,0,0,0,0,0,0	230	215
541	0,0,0,0,0,0,0,0,0,0,0,0,0	0,1,147,0,0,0,0,0,0,0,6,300,0	0,0,0,0,0,0,2,0,0,0	0,0,0,0,0,72,209,1,64,4	226	226
544	0,0,0,0,1,0,0,0,0,0,0,0,0	0,0,0,0,0,10,0,0,13,0,0,1,0	0,0,0,0,0,0,0,0,0,0	0,0,0,0,0,16,0,0,0,0	239	300
546	0,43,20,434,151,47,0,201,0,0,288,0,1	0,2,0,0,0,0,0,0,0,0,0,435,0	2,0,0,0,0,1,222,0,0,0	0,0,0,0,0,0,0,0,0,0	281	287
547	0,0,0,0,0,0,0,0,0,0,0,0,0	56,387,0,0,78,0,0,7,23,0,398,0,1217	24,11,0,0,0,5,4,0,0,0	63,17,0,0,0,222,280,97,0,0	186	199
562	0,126,0,0,0,0,0,0,0,356,0,0,0	0,27,2,0,0,0,0,0,0,0,0,0,0	0,0,0,0,0,0,0,0,0,0	0,0,0,0,0,48,0,0,0,0	300	300
563	0,0,0,0,0,0,0,0,0,0,0,0,0	0,42,0,0,0,0,0,0,0,0,0,0,0	0,0,0,0,0,0,0,36,0,0	0,0,0,0,0,0,112,0,0,0	270	284
581	0,0,0,0,0,1,0,0,0,0,0,0,0	0,3,0,0,0,0,1,0,0,0,0,0,0	0,0,0,0,11,0,0,0,0,0	0,0,0,0,48,0,144,2,0,0	188	206
582	0,92,0,0,0,0,0,0,0,0,0,0,0	0,0,0,239,0,0,0,0,0,0,0,0,0	0,0,0,0,0,0,1,0,0,0	0,0,0,0,0,0,0,0,0,1	283	216
589	0,0,0,0,0,0,0,0,0,0,0,0,1	0,0,0,0,0,3,0,0,0,0,0,0,0	0,0,0,0,0,36,0,76,0,0	0,0,0,0,0,0,0,1,0,0	258	251
592	0,4,0,1,0,55,0,0,0,0,337,0,0	0,0,0,0,0,0,0,0,1,0,0,0,0	0,0,0,0,0,0,0,0,28,0	0,0,0,0,0,0,0,0,0,0	272	275
593	0,4,0,1,0,55,0,0,0,0,337,0,0	0,0,0,0,0,0,0,0,0,0,0,0,0	0,0,0,0,0,0,0,0,28,0	283,0,0,0,0,0,0,0,284,0	272	275
594	0,0,0,0,0,0,0,0,0,0,0,0,0	0,45,0,0,0,0,0,0,0,0,0,6,0	283,0,0,0,0,0,0,0,284,0	0,0,0,0,0,8,0,0,0,0	278	275
598	0,31,0,0,0,81,0,0,0,0,0,0,0	0,188,0,0,0,2,0,0,22,0,0,7,0	0,0,0,0,0,0,0,116,0,19	0,0,0,0,33,0,1,0,0,2	230	266
615	0,19,0,81,0,0,0,0,1,1,0,0,0	0,0,0,0,0,0,0,0,0,0,339,0,0	18,0,0,0,0,0,272,0,265,0	0,0,0,0,0,0,3,0,0,0	239	300
616	0,28,0,0,0,13,0,146,0,0,0,0,0	0,9,0,0,0,0,0,0,0,0,453,0,0	0,0,0,0,0,0,287,1,0,144	0,0,0,0,0,0,1,0,0,0	300	300
618	0,71,0,0,0,0,0,0,0,0,0,0,0	0,0,0,0,0,0,0,0,0,0,0,0,0	0,0,0,0,0,2,10,0,0,0	226,0,0,0,0,0,0,47,0,0	296	300
631	0,0,0,0,0,0,0,0,0,0,0,0,0	0,4,0,0,0,0,0,0,0,0,0,0,0	0,136,0,0,0,0,0,0,0,0	0,0,0,0,0,0,0,0,0,0	216	300
643	0,0,0,0,0,0,0,0,0,0,0,0,0	0,0,0,0,1,0,0,0,16,0,0,0,0	0,0,0,0,0,32,0,0,0,0	0,56,0,0,0,2,0,0,0,0	182	170
644	8,0,0,0,0,0,0,270,0,0,0,0,0	0,0,0,0,1,0,0,0,16,0,0,0,0	0,0,0,0,0,0,0,0,0,0	0,56,0,0,0,2,0,0,0,0	263	170
645	8,0,0,0,0,0,0,270,0,0,0,0,0	0,0,0,0,0,0,0,0,0,0,0,0,0	0,0,0,0,0,0,0,0,0,0	0,0,0,0,0,32,0,0,0,0	263	182
646	102,33,0,4,0,42,0,0,20,0,382,0,0	0,0,0,0,0,0,0,0,0,0,0,0,0	0,323,0,0,0,4,269,60,18,0	0,368,0,0,19,0,0,0,0,0	278	245
649	0,39,0,0,0,0,0,0,0,0,0,0,0	0,56,0,0,0,162,0,0,0,0,0,0,0	289,21,0,0,0,0,0,155,0,0	0,0,0,0,0,0,0,0,0,0	238	225
655	0,0,0,0,0,0,0,0,1,0,0,0,0	9,0,0,0,0,0,0,0,1,0,0,0,0	0,0,0,0,0,0,0,0,0,0	0,0,0,0,0,0,0,23,0,0	284	300
657	0,0,0,0,0,0,0,0,0,0,95,0,0	0,0,0,0,0,0,0,0,0,0,640,0,0	0,0,0,0,0,25,0,0,0,0	0,0,0,0,0,60,11,30,0,0	202	240
660	0,0,0,0,0,307,0,0,0,0,0,15,0	0,10,0,0,0,0,0,0,0,0,0,0,0	0,0,0,0,0,62,0,0,0,0	0,0,0,0,0,0,0,0,0,115	238	219
661	0,0,0,0,0,192,0,0,0,0,0,0,0	0,0,0,0,0,0,0,0,0,0,0,0,0	0,0,0,0,0,0,0,0,0,90	0,0,0,0,0,0,62,0,0,0	272	277
672	0,0,0,0,0,0,0,0,0,0,0,0,0	0,1,0,0,0,0,0,0,4,0,0,0,0	0,0,0,0,0,19,0,0,0,0	0,0,0,0,0,0,0,73,0,0	224	296
677	0,203,0,0,0,0,0,0,0,0,0,19,0	0,0,0,0,0,0,0,0,0,0,0,273,0	0,0,0,0,0,101,0,0,0,0	0,0,0,0,0,0,0,0,0,0	257	215
688	0,0,0,0,0,0,0,0,1,0,0,0,0	0,0,0,0,0,0,0,0,0,0,0,0,0	0,0,0,0,1,0,0,0,0,0	0,0,0,0,0,0,51,0,0,0	244	300
689	0,0,0,0,0,0,0,0,1,0,0,0,0	0,0,0,0,0,0,0,0,0,0,0,0,0	0,0,0,0,1,0,0,0,0,0	0,0,0,0,0,0,19,0,0,0	244	300
695	0,73,0,0,0,0,115,0,18,0,0,0,0	134,0,0,0,0,0,0,0,3,0,0,0,0	0,114,0,0,0,0,0,0,0,0	0,0,0,0,0,0,0,0,0,0	280	291
711	0,0,0,0,0,0,0,0,0,0,0,113,0	4,43,0,0,0,0,0,0,0,0,2,167,0	0,0,0,0,0,0,0,0,0,0	0,207,0,0,0,17,129,0,0,0	210	267
712	0,90,0,0,256,0,0,141,0,0,4,120,0	0,63,0,0,0,0,0,0,0,0,0,71,0	0,37,0,0,0,17,0,0,0,0	0,0,0,0,0,0,0,0,0,0	223	210
723	0,99,0,0,0,0,0,0,0,18,0,0,0	0,0,0,0,0,0,0,0,0,0,0,87,0	0,0,0,0,0,0,0,6,0,0	74,0,0,0,0,0,0,0,0,0	216	216
727	0,66,2,0,0,105,0,0,48,0,0,0,0	0,0,0,130,0,0,0,0,0,0,0,0,0	0,0,0,0,0,46,0,79,0,0	0,0,0,0,0,0,0,0,0,0	185	275
730	0,38,0,0,0,10,0,0,0,0,0,0,0	0,60,0,0,0,64,0,0,0,0,0,144,0	0,0,0,0,21,0,0,0,200,0	0,0,0,0,0,37,63,0,0,0	224	283
738	0,0,0,0,0,0,0,0,2,0,0,0,0	0,0,8,0,0,0,0,0,0,0,0,0,0	0,0,0,0,0,0,0,8,0,0	0,0,0,0,0,0,0,0,0,0	263	294
739	0,4,0,0,0,33,0,0,0,0,0,0,0	0,137,0,0,0,0,0,0,0,0,0,2,0	0,0,0,0,0,61,0,0,0,0	173,0,0,0,0,0,0,0,2,0	300	299
740	28,0,0,0,0,0,0,0,0,0,0,0,0	0,0,0,0,0,84,0,0,0,0,0,0,0	0,0,0,0,59,0,0,97,0,0	0,0,0,0,0,1,16,0,0,0	235	235
741	0,0,0,0,0,0,0,0,0,0,0,11,0	11,78,2,0,0,0,2,0,0,0,0,0,0	0,0,0,0,0,0,2,0,0,0	0,0,0,0,0,0,10,0,0,0	230	215
752	0,0,0,0,0,0,0,0,0,0,0,0,0	64,0,0,0,0,46,1,0,0,0,2,0,0	0,0,0,0,0,0,0,0,0,2	124,0,0,0,0,57,40,116,0,0	244	300
755	0,41,0,0,0,0,0,0,0,0,0,0,0	0,6,0,0,255,56,0,0,0,0,0,0,0	0,0,0,0,0,0,0,0,0,0	0,0,0,0,0,3,0,0,85,0	222	239
756	0,41,0,0,0,0,0,0,0,0,0,0,0	0,0,0,0,0,56,0,0,0,0,0,0,0	0,0,0,0,0,0,0,0,0,0	0,0,0,0,0,0,0,0,85,0	222	235
759	0,91,0,0,0,0,0,0,0,0,0,0,0	0,27,0,15,0,107,0,0,0,0,0,0,0	0,0,0,0,0,65,0,0,0,0	0,0,0,0,18,0,0,13,0,0	257	293
768	88,0,0,0,0,11,0,0,0,0,0,0,0	0,19,0,0,0,257,0,0,0,0,0,0,1	60,0,0,0,0,0,28,0,0,0	0,0,0,2,0,0,287,0,0,0	229	238
770	0,0,0,0,0,0,0,0,6,0,0,0,0	0,0,0,75,0,0,0,0,0,0,0,0,0	0,0,0,0,0,0,0,0,0,0	0,0,0,0,0,13,0,0,0,0	254	221
785	0,1,0,0,0,0,0,0,0,0,0,0,0	0,0,0,0,0,0,0,0,0,0,0,0,0	0,0,0,0,0,0,0,37,0,0	0,0,0,0,0,9,0,0,0,0	193	194
788	0,232,0,0,0,0,0,0,35,0,130,0,0	0,58,0,22,0,0,0,0,7,0,0,65,0	0,47,0,0,0,74,300,164,0,0	0,0,0,0,0,24,211,71,0,84	242	284
791	0,0,0,1,0,0,0,0,4,0,0,0,0	0,0,0,0,0,0,0,0,0,468,37,0,0	74,0,0,0,0,0,166,0,0,0	0,38,0,0,0,0,0,0,0,38	300	220
796	0,0,0,0,0,1,0,0,3,0,254,0,0	0,0,0,0,0,0,0,0,0,0,0,1,0	0,0,0,0,0,0,0,0,1,0	0,0,0,0,0,0,10,51,0,0	215	296
802	0,0,0,0,0,0,0,0,0,0,0,0,1	0,0,0,0,0,0,0,0,0,0,52,0,0	0,0,0,0,0,0,0,0,0,0	0,0,0,0,0,0,158,0,0,0	290	284
828	0,0,0,0,0,0,0,0,0,0,0,0,0	0,109,0,0,0,0,0,0,20,0,2,94,0	0,0,0,0,0,0,0,0,0,80	0,0,0,0,0,61,0,9,13,15	202	243
835	0,1,0,0,0,0,0,1,8,543,0,2,0	0,1,0,0,0,1,0,0,0,0,0,0,0	0,163,0,0,0,31,0,0,0,0	0,0,0,0,0,0,0,0,0,0	288	300
836	0,0,0,0,0,0,0,0,0,0,0,1,0	0,0,0,0,0,0,0,0,0,0,23,0,0	0,0,0,0,0,0,0,0,211,0	0,0,0,0,0,0,0,0,0,0	239	300
847	0,0,0,0,0,205,0,0,75,1,522,0,0	61,149,0,28,1,213,0,1,16,2,1192,25,2	0,0,0,304,0,7,99,111,0,116	308,0,0,0,0,43,32,0,138,0	296	300
853	0,0,0,0,0,0,0,0,0,0,176,0,0	0,0,0,0,0,0,0,0,0,0,0,0,0	0,0,0,0,0,3,61,0,0,0	0,0,0,0,0,17,0,0,1,0	300	287
867	0,0,0,0,0,0,0,0,0,0,0,0,0	0,0,0,0,0,0,0,0,0,0,0,3,0	0,0,0,0,0,0,4,0,0,0	0,0,0,0,0,0,0,0,0,0	267	243
869	0,0,0,0,0,0,0,0,0,0,0,0,0	0,80,0,0,0,0,0,0,0,0,0,0,0	0,0,0,0,0,0,4,0,0,0	0,0,0,0,0,0,0,0,0,5	267	300
871	0,0,0,0,0,0,0,0,0,0,0,0,0	18,0,0,0,0,0,0,0,0,0,0,0,0	0,0,0,0,0,55,0,0,0,0	0,0,0,0,0,0,215,0,0,85	269	300
887	0,0,0,0,0,0,0,0,0,0,116,0,0	0,0,0,0,0,0,0,0,6,0,0,0,0	336,0,0,0,0,0,0,0,0,0	0,0,0,0,0,0,0,0,0,0	300	252
890	0,56,0,0,0,0,0,0,0,0,5,8,0	0,27,0,1,1,0,0,262,3,335,0,0,0	0,0,0,0,0,0,0,0,0,73	0,0,0,0,21,1,295,30,0,138	264	273
895	0,0,0,0,0,182,0,0,0,0,0,0,0	0,57,0,0,0,0,0,110,0,0,0,366,0	0,30,0,0,0,19,0,0,0,0	0,28,0,0,0,30,168,0,139,71	267	203
909	0,112,0,0,0,0,0,0,0,0,0,0,0	0,0,0,0,0,0,0,0,0,0,0,0,0	0,0,0,0,275,1,0,0,0,0	195,0,0,0,0,0,1,17,0,0	251	266
910	0,0,0,0,0,0,0,2,0,0,224,0,0	0,94,0,0,0,0,0,0,0,0,0,0,0	0,0,0,0,0,0,0,0,0,0	1,0,0,0,0,4,0,0,0,0	254	255
911	0,0,0,0,0,0,0,0,0,0,0,1,0	0,0,0,0,0,0,0,0,0,0,0,0,0	0,167,0,0,0,0,144,0,27,0	0,0,0,0,0,0,0,0,99,0	282	201
912	1,0,0,0,0,0,0,0,0,0,0,0,0	0,0,0,0,0,0,0,0,0,0,175,0,0	0,0,0,0,0,0,276,0,0,0	0,0,0,0,0,0,0,0,0,0	240	252
916	0,0,0,3,0,5,0,0,0,0,0,0,0	0,0,0,0,0,0,0,0,0,0,0,0,0	0,0,0,0,0,0,0,0,0,0	0,0,0,0,0,0,0,1,0,0	300	300
921	0,98,0,0,0,0,0,0,0,0,0,0,0	40,124,0,290,0,250,0,0,34,0,0,399,0	0,0,0,0,0,0,0,0,0,0	0,0,0,0,0,0,82,0,0,18	264	275
924	0,0,0,0,0,0,0,0,0,0,0,0,0	0,32,225,0,0,0,0,0,0,0,3,0,0	0,3,0,0,0,0,0,0,0,0	1,0,0,0,0,0,0,0,0,0	178	178
928	0,0,0,0,0,0,0,0,2,0,0,0,0	0,0,0,0,0,0,0,0,0,0,0,0,0	0,0,0,0,0,0,1,0,0,0	0,0,0,0,0,2,130,0,0,0	247	219
931	9,223,0,82,0,0,0,0,7,0,6,0,0	36,107,0,0,0,0,0,0,9,0,0,3,0	1,0,0,0,0,0,0,22,0,1	0,0,0,0,0,5,88,15,0,0	252	188
933	0,0,0,0,0,0,0,0,0,1,0,0,0	0,100,0,0,0,0,0,0,0,0,0,0,0	0,0,0,0,1,1,0,0,0,0	0,0,0,0,0,0,0,0,0,0	272	222
955	0,0,0,0,0,0,24,0,28,0,0,188,0	0,0,0,0,0,0,0,0,0,0,0,570,0	0,0,0,0,1,0,417,0,0,92	0,0,0,0,1,0,0,0,0,0	300	156
956	0,0,0,12,0,0,77,0,28,0,0,30,0	0,0,0,0,0,0,0,0,0,0,0,570,0	0,170,0,0,0,52,573,0,0,221	0,0,0,0,1,0,0,0,0,0	182	156
961	0,40,0,0,0,0,0,0,0,0,0,0,0	0,76,0,0,0,86,0,0,0,0,0,0,2	0,0,0,0,0,0,26,0,0,0	124,0,0,0,0,0,4,0,0,0	249	300
962	6,0,0,0,0,25,0,0,2,0,0,0,0	0,1,0,0,0,0,0,0,0,0,0,0,0	0,0,0,0,0,0,36,0,0,0	0,0,0,0,0,0,110,0,0,0	280	200
967	0,0,0,0,0,0,0,0,7,0,0,0,0	0,0,332,0,0,0,0,0,10,107,147,0,0	0,0,0,0,0,0,0,0,0,0	0,0,0,0,0,9,26,97,0,0	212	300
972	2,67,0,0,0,0,0,1,0,0,0,0,0	0,18,0,1,0,0,0,0,0,0,1,0,0	2,0,0,0,0,0,14,0,0,0	0,0,0,0,0,1,58,0,0,0	300	266
979	0,0,0,0,0,0,0,0,14,6,0,0,0	0,0,0,0,0,0,0,0,0,0,1,0,0	0,0,0,0,0,0,0,3,0,173	0,10,0,0,0,83,0,0,59,0	221	248
986	0,2,0,310,0,0,0,0,10,0,219,0,0	0,239,17,721,21,196,0,2,36,0,169,385,0	0,98,0,0,0,86,40,0,0,0	286,105,0,0,0,10,211,30,284,0	288	300
994	1,54,0,0,0,0,0,0,0,0,0,0,0	0,0,0,144,0,0,0,0,0,0,0,0,0	0,251,0,0,0,79,0,0,65,0	0,0,0,0,0,0,0,0,0,0	212	179
995	0,66,0,0,0,0,0,0,0,0,10,0,0	0,0,0,0,0,0,0,0,0,0,0,0,0	0,0,0,0,0,0,0,0,0,0	0,0,0,0,0,0,0,63,0,0	223	233
996	0,85,0,0,0,41,0,0,0,0,0,0,0	0,18,0,0,0,0,0,0,0,0,0,0,0	0,0,0,0,0,1,0,0,0,0	0,0,0,0,0,0,0,0,0,0	272	251
997	0,0,0,190,0,0,0,0,0,0,0,0,0	0,0,0,0,0,7,0,0,0,0,0,12,0	0,0,0,0,0,0,0,0,0,0	213,1,0,0,0,0,61,0,144,0	239	267
1000	0,44,0,0,0,0,0,0,0,0,0,0,0	0,0,0,0,0,0,0,0,0,0,0,0,0	0,0,0,0,0,0,0,0,0,0	0,0,0,0,0,35,0,0,0,0	215	197
1005	0,32,0,84,3,0,0,0,84,0,0,0,0	0,0,0,0,160,0,0,0,0,0,24,30,0	0,0,0,0,0,14,54,0,11,0	1,18,0,0,0,77,0,1,0,0	300	300
1007	0,0,399,0,0,0,0,0,0,0,0,0,0	0,50,0,0,1,0,0,139,46,51,122,466,0	0,0,0,0,0,0,0,100,0,0	221,305,0,3,0,33,159,2,168,0	177	300
1008	0,65,399,0,0,0,0,0,0,0,0,0,0	0,50,0,0,1,0,0,139,46,51,122,466,0	0,0,0,0,0,0,0,100,0,0	221,305,0,3,0,33,159,2,168,0	244	300
1010	21,61,0,0,0,0,0,0,9,0,0,0,0	0,24,0,0,0,0,0,0,0,0,167,0,0	0,0,0,0,0,0,83,0,0,8	0,0,0,0,0,0,0,0,0,0	275	298
1017	81,139,0,0,0,4,0,0,0,0,246,227,0	99,391,2,145,0,0,0,0,1,10,81,265,0	179,1,0,0,1,81,147,0,40,0	39,0,0,0,13,31,48,0,3,16	242	191
1025	15,364,0,0,0,2,0,129,15,0,404,431,0	9,1049,608,49,1,363,0,200,20,2,839,0,0	209,30,0,11,0,179,206,46,4,0	169,208,0,0,1,242,814,551,185,0	267	267
1026	0,30,0,0,0,0,0,0,0,0,0,0,0	0,0,0,0,0,0,0,0,0,0,0,0,0	17,0,0,0,0,0,0,0,0,0	0,0,0,0,0,0,39,0,0,0	213	300
1027	0,30,0,0,0,0,0,0,0,0,0,0,0	0,0,0,0,0,0,0,0,0,0,0,0,0	17,0,0,0,0,0,0,0,0,0	0,46,0,0,0,0,20,0,0,0	213	195
1028	0,30,0,0,0,0,0,0,0,0,0,0,0	0,32,0,325,0,0,0,0,0,0,97,0,0	17,0,0,0,0,0,0,0,0,0	0,45,0,0,0,0,0,0,0,0	213	217
1029	3,31,0,0,0,0,0,0,0,0,0,0,0	0,0,0,0,0,0,0,0,0,0,0,0,0	141,0,0,0,0,53,0,0,0,0	0,0,0,0,0,0,39,0,0,0	271	300
1030	3,31,0,0,0,0,0,0,0,0,0,0,0	0,0,0,0,0,0,0,0,0,0,0,0,0	141,0,0,0,0,53,0,0,0,0	0,46,0,0,0,0,20,0,0,0	271	300
1031	3,31,0,0,0,0,0,0,0,0,0,0,0	0,0,0,0,0,0,0,0,0,0,0,0,0	141,0,0,0,0,53,0,0,0,0	0,46,0,0,0,0,20,0,0,0	271	195
1057	0,2,0,0,0,0,0,0,0,0,3,0,0	0,0,0,0,0,0,0,0,0,0,946,0,1	0,0,0,0,0,56,203,0,0,0	0,85,0,0,0,0,199,0,0,0	300	227
1060	0,0,0,0,0,0,0,0,11,0,1,230,0	319,0,1,0,0,0,86,0,0,0,460,0,0	0,0,0,0,0,34,146,0,0,72	0,0,0,0,24,6,316,0,0,42	300	263
1073	0,35,448,0,1,0,0,0,0,0,4,1,0	0,87,0,0,0,32,0,0,6,0,1,0,0	184,0,0,0,0,1,0,0,0,22	0,0,0,0,0,1,139,0,0,70	284	300
1074	0,101,460,0,0,33,0,0,0,0,158,0,0	0,87,0,0,0,32,0,0,6,0,1,0,0	0,0,0,0,0,5,202,0,0,0	0,0,0,0,0,1,0,1,0,70	299	300
1076	0,101,460,0,0,33,0,0,0,0,46,0,0	0,132,271,0,0,41,0,4,1,0,9,0,0	0,0,0,0,0,5,341,0,0,0	0,0,0,0,0,7,0,0,41,0	299	284
1078	0,0,0,0,0,0,0,0,0,0,0,0,0	0,0,1,0,0,0,0,0,1,0,0,0,0	0,0,0,0,0,0,0,0,1,0	0,38,0,0,46,0,0,0,0,0	300	232
1084	0,47,0,121,0,15,0,0,0,0,0,88,0	0,0,0,9,0,0,0,0,0,0,0,0,0	0,0,0,0,0,0,0,0,0,0	0,0,0,0,0,83,97,0,0,0	241	261
1087	0,11,0,0,0,0,0,0,0,0,10,0,0	0,63,0,0,196,0,0,0,0,0,0,0,0	0,0,0,0,0,37,0,0,0,0	351,0,0,0,0,0,0,0,0,0	275	300
1106	0,0,0,0,0,0,0,0,0,0,0,184,0	0,51,0,0,0,216,0,0,0,0,286,0,0	0,0,0,0,0,0,0,0,0,0	0,617,0,0,0,19,0,261,0,0	270	238
1109	0,11,0,0,0,0,0,0,0,0,0,0,0	0,0,0,0,0,0,0,0,0,0,4,0,0	0,0,0,0,0,0,9,0,0,0	0,0,0,0,0,0,0,0,0,0	264	264
1110	0,19,0,0,0,12,0,0,0,0,2,0,0	0,0,0,0,0,0,0,0,0,0,83,0,0	0,0,0,0,0,56,4,0,0,0	0,0,0,0,0,136,12,0,0,0	203	233
1111	0,0,0,0,0,0,0,0,0,1,0,0,0	0,0,192,0,0,0,0,0,0,0,0,0,0	0,0,0,0,1,0,0,0,0,0	0,0,0,0,0,0,0,0,0,0	187	238
1118	8,163,0,0,0,0,0,0,27,1,60,344,0	0,49,0,0,2,0,0,0,0,0,1,0,0	0,0,0,0,0,48,8,0,0,0	0,14,0,1,0,47,160,205,0,0	267	300
1119	0,0,0,0,0,0,0,0,0,0,0,0,0	0,56,0,0,0,79,0,0,0,0,0,0,0	0,0,0,0,0,15,0,0,0,0	0,0,0,0,0,113,0,0,0,404	300	300
1126	0,238,0,0,0,0,0,0,2,0,151,0,0	98,0,0,0,0,0,0,0,0,0,0,166,0	0,0,0,0,0,6,0,3,76,0	0,0,0,0,0,1,4,0,0,316	300	300
1127	0,0,0,0,0,144,0,0,0,0,0,0,0	0,74,0,0,124,0,0,0,0,0,0,0,0	0,0,0,0,0,35,0,0,0,0	0,0,0,0,0,0,172,0,0,0	269	207
1130	5,1024,0,274,1,0,0,0,35,0,998,3,0	6,116,0,0,4,0,0,0,0,1,437,0,0	8,647,0,0,2,319,81,80,0,0	0,4,0,0,13,0,10,0,0,0	300	300
1131	0,166,1,0,18,0,0,206,27,0,97,0,0	0,200,0,0,0,1,0,9,0,0,280,157,0	0,0,0,0,0,1,12,0,85,1	94,0,0,0,0,0,207,0,0,0	247	278
1136	0,0,0,0,0,79,0,0,0,0,0,0,0	0,0,0,0,0,4,1,0,4,0,0,0,0	0,0,0,0,0,9,0,24,0,0	0,0,0,0,0,0,0,0,0,0	221	300
1139	0,0,0,0,0,0,0,0,10,0,0,0,0	0,4,0,0,2,9,0,0,0,0,0,0,0	0,0,0,0,0,0,20,0,0,0	0,89,0,0,0,0,0,0,0,0	261	250
1140	0,0,0,0,0,0,0,0,0,0,6,0,0	0,4,0,0,0,0,0,0,0,0,383,0,0	0,0,0,0,0,0,0,0,0,0	0,0,0,0,0,0,0,0,1,0	194	245
1154	0,0,0,0,0,220,0,0,0,0,0,0,0	14,182,0,567,0,149,0,0,0,0,151,0,0	53,0,0,0,0,0,0,0,137,0	0,0,0,0,0,0,0,0,0,0	290	229
1162	1,71,146,0,0,0,0,0,0,0,1,0,0	16,0,0,0,0,0,0,35,0,0,0,0,0	0,0,0,0,0,18,0,0,0,0	0,257,0,0,0,9,0,0,0,0	188	223
1165	0,28,0,0,0,0,0,0,0,0,0,0,0	0,0,0,0,0,0,0,0,21,0,0,58,0	0,0,0,0,0,1,0,0,0,0	0,0,0,0,0,28,0,0,0,0	248	221
1170	0,0,0,0,0,0,0,0,0,0,0,0,0	3,93,0,0,0,0,0,0,0,0,0,0,0	0,0,0,0,0,44,0,0,0,0	0,0,0,0,0,8,0,0,0,0	296	268
1171	60,0,0,0,0,169,0,0,0,0,242,0,0	0,7,344,0,0,0,0,0,0,10,0,10,0	0,0,0,0,0,46,480,0,20,120	0,0,0,0,21,15,29,1,0,0	300	300
1175	0,28,0,0,0,0,0,1,0,0,0,0,0	0,1,0,0,141,0,0,0,16,0,0,0,0	0,0,0,26,0,0,0,45,360,0	132,60,0,0,0,0,0,0,0,0	230	287
1181	0,0,0,0,0,0,0,0,0,0,345,0,0	0,16,5,0,0,0,0,0,9,0,0,0,0	0,3,0,0,0,0,0,0,0,0	140,0,0,0,0,0,1,0,41,1	281	300
1182	4,127,0,0,0,0,0,76,50,0,1,0,0	3,78,0,11,0,0,0,0,0,0,0,0,0	1,0,0,0,0,0,1,0,0,0	0,0,0,0,0,0,17,0,0,0	206	300
1183	0,0,1,0,0,0,0,0,0,0,24,0,0	0,0,0,0,0,0,0,0,0,0,0,0,0	0,126,0,0,0,0,0,0,0,0	0,0,0,0,0,4,26,0,0,0	213	300
1189	0,0,0,0,0,0,0,0,0,0,0,1,0	0,0,0,0,0,0,0,0,0,414,0,0,0	0,0,0,0,0,0,131,0,0,0	0,0,0,0,0,8,12,0,0,0	241	271
1220	0,0,0,0,0,0,0,0,0,0,0,0,0	15,0,0,0,0,0,0,0,0,0,0,0,0	239,0,0,0,0,0,0,0,0,0	0,0,0,0,0,0,0,0,0,0	300	209
1221	0,43,0,0,0,0,0,0,1,0,0,0,0	15,0,0,0,0,0,0,0,0,0,0,0,0	517,6,0,0,0,0,0,0,0,0	0,0,0,0,0,0,0,0,0,0	300	209
1222	0,3,0,0,0,0,0,0,0,0,0,0,0	0,44,0,0,0,94,0,94,0,18,0,0,0	0,0,0,0,0,0,0,0,0,0	0,0,0,0,0,2,0,0,0,0	215	251
1223	0,136,0,11,0,0,0,0,0,0,4,0,0	0,104,0,0,0,0,0,0,0,0,0,0,0	92,0,0,0,0,0,0,0,0,0	0,0,0,0,0,0,0,0,0,0	212	278
1224	0,22,0,0,0,236,0,0,1,0,0,216,0	0,202,0,0,0,0,0,0,0,0,0,0,0	0,0,0,0,0,0,61,0,0,0	0,0,0,0,0,0,0,0,0,0	224	278
1227	0,0,0,0,0,0,0,0,0,0,0,0,0	0,72,0,0,0,0,0,1,0,0,0,0,0	0,0,0,0,0,0,0,0,307,0	0,0,0,0,0,0,0,0,0,0	300	300
1228	0,187,0,0,0,0,0,0,0,0,0,0,0	0,59,0,0,0,1,0,265,0,0,0,0,0	226,0,0,0,0,78,0,0,0,0	0,0,0,0,0,59,0,137,0,0	274	300
1230	0,0,0,157,0,0,0,0,0,0,0,0,0	0,0,0,0,0,0,0,0,0,0,169,0,0	0,0,0,0,0,2,0,0,0,0	34,0,0,0,0,0,0,0,0,0	246	300
1233	0,0,0,0,0,0,0,0,0,0,0,0,0	0,0,0,0,0,0,0,0,0,0,0,17,0	0,0,0,0,0,0,0,0,38,0	0,0,0,0,0,0,0,0,0,0	242	246
1235	0,51,0,0,0,0,0,0,0,0,0,0,0	143,237,226,0,255,1,0,0,0,30,132,0,1184	0,0,0,0,0,0,0,0,0,0	0,1,0,0,0,17,254,0,0,0	255	255
1238	0,0,0,44,0,0,0,0,0,0,0,0,0	0,0,0,0,0,0,0,0,0,0,0,0,0	0,0,0,0,0,0,0,0,0,0	0,0,0,0,0,113,0,0,0,0	219	300
1239	0,0,0,0,0,0,0,0,0,0,0,33,0	0,0,0,87,0,103,0,0,0,0,282,0,0	0,0,0,0,0,0,0,0,0,0	0,9,0,0,0,69,0,0,0,0	300	279
1248	0,0,0,0,0,0,0,0,0,0,0,0,0	241,1654,1,1362,1,478,1,882,76,10,971,2,365	1,0,0,0,0,0,0,0,0,0	290,744,0,1,3,572,268,341,589,29	228	263
1249	323,2589,38,2422,2,1302,1,1186,96,180,1801,12,370	0,0,0,0,0,64,0,0,0,0,0,0,0	964,1469,0,1,9,1149,1298,690,1921,73	0,0,0,0,0,0,0,0,0,0	263	279
1250	38,827,37,1059,1,798,0,135,20,1,567,10,5	0,0,0,0,0,0,0,1,2,0,0,0,0	674,465,0,0,6,456,1029,348,1329,18	0,0,0,0,0,0,0,0,0,0	263	293
1251	2,7,0,0,0,0,0,0,0,0,0,0,0	0,0,0,0,0,0,0,1,2,0,0,0,0	0,0,0,0,0,0,0,0,314,0	0,0,0,0,0,0,0,0,0,0	279	293
1252	2,7,0,0,0,0,0,0,0,0,0,0,0	0,0,0,0,0,0,0,1,2,0,0,0,0	0,0,0,0,0,0,0,0,314,0	0,0,0,0,0,0,0,0,0,0	279	290
1254	0,0,573,0,0,0,0,0,27,0,0,0,0	0,0,0,0,0,0,0,0,0,0,1,0,0	0,0,0,0,0,0,0,1,0,0	0,0,0,0,0,69,63,0,37,0	203	198
1257	0,0,0,0,0,0,0,0,0,0,0,23,0	0,0,0,0,0,8,0,0,25,0,0,0,0	0,0,0,0,0,0,0,0,0,0	0,0,0,0,0,1,0,0,0,0	286	242
1263	0,97,0,0,0,0,0,0,0,0,0,0,0	0,0,0,0,0,0,0,0,0,1,0,0,0	0,63,0,0,0,0,0,0,0,0	0,0,0,0,0,0,0,0,0,0	237	193
1265	16,0,0,0,0,0,0,0,4,0,0,369,0	0,2,0,0,0,131,0,0,0,0,0,0,0	0,0,0,0,0,0,0,28,0,0	44,0,0,0,0,0,0,0,0,0	300	285
1276	0,0,0,0,0,1,0,0,0,0,0,0,0	0,0,0,0,0,0,0,0,0,0,0,0,0	0,0,0,0,0,0,19,0,0,0	0,0,0,0,1,0,0,0,0,0	300	300
1277	0,0,0,0,0,0,0,0,2,0,0,0,0	0,0,0,0,0,0,0,0,0,0,0,0,0	0,0,0,0,0,0,0,0,0,0	0,0,0,0,0,2,0,0,37,0	234	240
1279	0,57,3,0,0,0,0,0,23,0,0,0,0	0,0,0,0,0,0,0,0,0,0,0,0,0	0,0,0,0,0,0,0,11,0,151	0,0,0,0,0,0,28,64,0,0	231	259
1287	1,0,0,0,234,0,0,0,0,0,0,0,0	0,0,0,0,72,58,0,0,0,0,0,0,0	0,0,0,0,0,73,132,0,0,0	0,0,0,0,0,0,0,0,0,0	300	300
1302	0,0,0,0,0,0,0,0,0,0,0,0,0	0,1,0,0,0,0,0,0,0,0,0,0,0	0,0,0,0,0,0,1,0,0,0	0,0,0,0,0,0,304,0,0,28	253	282
1304	0,0,0,0,0,23,0,0,0,10,0,0,0	0,41,0,0,0,0,0,0,0,0,0,3,0	0,0,0,0,0,0,0,0,0,0	0,0,0,0,0,35,221,0,0,0	266	204
1305	0,0,0,0,0,23,0,0,0,10,0,0,0	0,6,0,237,0,0,0,4,0,0,0,0,0	0,0,0,0,0,0,0,0,0,0	1,0,0,101,0,0,0,0,0,0	266	259
1306	0,0,0,0,0,23,0,0,0,10,0,0,0	0,6,0,237,0,0,0,4,0,0,0,0,0	0,0,0,0,0,0,0,0,0,0	1,0,0,101,0,0,0,0,0,0	266	300
1307	0,0,0,0,0,0,0,0,0,0,0,0,0	0,41,0,0,0,0,0,0,0,0,12,0,0	0,0,0,0,0,11,0,0,0,0	1,0,0,0,0,1,81,0,0,0	209	227
1314	2,0,0,0,0,0,0,0,0,0,0,0,0	0,0,0,0,0,17,0,0,0,0,0,0,0	0,318,0,0,0,0,2,0,1,0	0,0,0,0,0,18,4,0,0,212	300	300
1330	71,0,0,0,0,0,0,0,0,0,152,0,0	0,5,0,0,0,0,0,0,0,0,0,0,0	0,0,0,0,0,51,0,0,0,0	0,0,0,0,0,0,26,0,0,0	249	246
1334	0,0,0,0,0,0,0,0,0,0,0,15,1	0,0,0,0,0,0,0,0,26,0,0,0,0	0,0,0,0,0,0,0,0,0,0	0,0,0,0,0,93,0,0,0,0	239	209
1335	0,62,0,0,0,0,0,0,0,0,3,2,0	0,215,0,0,0,0,0,147,19,0,0,0,0	0,0,0,0,0,9,0,0,1,0	0,0,0,0,0,1,31,0,0,0	234	239
1347	0,0,0,0,0,0,0,0,0,0,0,0,0	0,63,0,0,0,0,0,0,0,0,0,0,0	0,0,0,0,0,45,0,0,0,0	0,0,0,0,0,31,0,0,0,0	298	239
1352	0,25,0,0,0,0,0,137,0,0,0,1,0	0,0,0,0,0,0,0,0,0,0,0,0,0	0,0,0,0,0,43,0,0,0,0	0,0,0,0,0,0,25,0,0,0	217	217
1356	0,36,0,0,0,0,0,0,0,0,1,38,0	0,0,0,0,0,0,0,0,24,1,327,0,0	0,0,0,0,0,0,0,0,1,0	0,0,0,0,0,0,0,0,0,0	222	300
1360	0,80,0,0,0,0,0,0,0,0,0,1,0	0,212,0,908,0,0,0,0,10,0,127,707,0	0,0,0,0,0,0,24,7,0,0	0,0,0,0,1,0,122,0,43,0	236	300
1361	0,22,0,0,0,0,0,144,2,0,0,0,0	0,64,0,453,0,22,0,0,0,0,284,0,0	0,0,0,0,0,0,0,0,0,0	0,0,0,0,1,0,143,0,0,0	300	270
1362	0,0,3,0,0,2,0,0,24,0,425,0,0	0,0,2,2,0,1,1,4,33,5,2,9,4	0,0,0,0,0,0,0,0,0,0	0,0,0,0,1,34,0,0,0,0	227	182
1368	0,108,0,0,0,227,0,0,0,0,0,0,0	0,171,0,1,0,283,0,0,13,24,588,468,0	0,1,0,0,0,38,5,0,0,0	87,0,0,0,0,92,0,0,0,0	232	300
1370	0,153,0,0,106,40,0,0,0,0,0,0,0	0,0,0,0,0,0,0,0,1,0,0,0,0	0,0,0,0,0,0,4,0,0,0	0,0,0,0,0,0,0,0,0,0	235	285
1371	0,7,0,0,0,0,0,0,0,0,0,0,0	0,0,0,0,0,0,0,209,0,0,0,0,0	0,0,0,0,0,0,0,0,0,21	0,0,0,0,14,44,0,0,0,0	224	300
1372	0,7,0,0,0,0,0,0,0,0,0,0,0	0,4,0,0,0,0,0,0,0,0,154,0,0	0,0,0,0,0,0,0,0,0,21	0,0,0,0,0,0,182,6,0,0	224	209
1373	0,0,0,0,0,0,0,209,0,0,0,0,0	0,4,0,0,0,0,0,0,0,0,154,0,0	0,0,0,0,14,44,0,0,0,0	0,0,0,0,0,0,182,6,0,0	300	209
1374	0,0,0,0,0,0,0,0,0,0,7,0,0	0,0,0,12,0,0,0,0,0,0,0,180,0	0,0,0,0,0,0,9,0,0,0	0,0,0,0,0,0,0,0,0,0	272	300
1383	0,0,0,0,124,0,0,0,0,0,0,0,0	0,0,0,0,0,0,0,0,0,0,0,0,0	0,0,0,0,0,0,0,0,0,0	1,0,0,0,0,0,0,0,0,0	219	238
1387	0,58,0,2,0,1,0,0,6,0,0,0,1	0,0,0,19,0,0,0,0,18,15,406,0,0	20,0,0,1,0,0,0,0,0,0	0,0,0,0,0,0,0,0,0,0	263	245
1398	0,0,0,0,0,0,0,0,0,0,0,0,0	158,0,0,0,0,0,0,0,0,0,0,0,0	0,0,0,0,0,0,2,0,0,0	0,0,0,0,0,0,0,0,0,0	299	300
1404	0,0,0,0,0,0,0,0,0,0,0,0,0	0,14,0,0,0,0,0,0,0,0,0,0,0	0,10,0,0,0,0,1,0,0,0	0,0,0,0,0,0,0,0,0,0	300	300
1413	0,0,95,0,0,0,0,189,0,0,0,0,0	11,48,0,0,10,29,1,0,0,0,909,0,0	0,0,0,0,0,0,0,0,0,0	0,0,0,0,0,0,0,0,65,73	184	300
1414	0,109,0,0,0,0,0,1,0,0,0,76,0	0,0,0,0,0,0,0,124,0,0,0,0,0	0,3,0,0,0,0,0,0,0,0	59,0,0,0,0,0,0,0,0,0	300	196
1420	10,0,0,223,0,135,0,0,0,0,0,0,0	0,155,0,0,0,0,0,0,0,0,83,0,0	0,0,0,0,0,0,93,0,0,0	0,0,0,0,0,24,6,0,8,0	272	265
1427	0,135,539,55,0,1,0,0,27,0,4,134,0	6,119,0,0,0,0,0,0,0,3,45,0,0	0,0,0,0,0,46,0,0,0,0	0,150,0,0,0,2,0,0,48,0	242	280
1435	0,0,0,0,0,0,0,0,0,0,0,0,0	0,123,0,0,0,0,1,0,0,0,486,0,0	0,0,0,0,0,0,114,1,0,0	0,0,0,0,0,0,0,0,0,0	238	300
1436	0,0,0,0,0,0,0,0,0,0,0,0,0	0,0,0,521,0,0,0,0,0,0,0,0,0	0,0,0,0,0,0,0,127,0,0	383,0,0,0,0,0,0,0,0,0	220	220
1438	0,22,0,0,0,0,0,0,0,0,5,0,0	7,28,16,0,0,0,1,0,1,0,0,1,0	0,0,0,0,0,3,0,0,0,0	0,455,0,0,0,25,0,1,0,0	252	300
1449	0,11,0,0,0,8,0,0,0,0,0,0,0	0,83,0,0,0,0,0,0,10,0,9,0,0	0,0,0,0,0,0,50,0,0,0	0,0,0,0,0,0,0,0,0,0	290	240
1450	0,0,0,0,0,0,0,0,0,0,0,0,0	0,0,1,0,0,0,0,0,0,0,0,0,0	0,0,0,0,0,0,0,3,0,0	0,0,0,0,0,0,0,0,0,0	232	256
1451	0,0,0,0,0,0,0,0,0,0,0,0,0	0,0,1,0,0,0,0,0,0,0,245,0,0	0,0,0,0,0,0,0,3,0,0	0,0,0,0,0,0,0,0,0,0	232	282
1452	0,1,0,0,0,0,0,0,0,0,1,0,0	113,22,0,0,0,2,0,33,11,0,2,2,0	0,1,0,0,0,71,3,0,0,2	0,0,0,0,0,0,0,0,16,0	300	300
1458	0,23,0,0,0,0,0,0,0,0,0,0,0	0,107,0,0,0,0,0,0,0,0,0,0,0	0,0,0,0,0,0,0,0,0,0	0,0,0,0,0,0,82,0,0,0	195	209
1461	0,37,0,0,0,0,0,0,0,0,0,0,0	0,0,0,0,0,0,0,0,0,0,0,0,0	0,0,0,0,0,0,0,4,0,0	0,0,0,0,0,0,3,133,0,0	300	300
1462	0,43,0,0,0,0,0,0,0,0,0,0,0	0,0,0,0,0,0,0,0,0,0,0,712,0	0,0,0,0,0,0,0,0,0,0	0,14,0,0,0,0,0,0,0,0	200	286
1463	47,0,0,0,0,0,0,0,0,0,3,216,0	0,77,0,0,0,0,0,0,0,0,0,0,0	0,43,0,29,0,44,212,0,0,255	0,0,0,0,0,0,0,0,0,185	233	215
1468	0,0,0,0,0,0,0,0,0,0,0,121,0	0,33,0,0,0,0,0,0,0,0,78,0,0	0,0,0,0,0,0,0,0,0,0	0,0,0,0,0,0,23,0,0,0	264	229
1477	0,34,0,0,0,0,0,0,0,0,0,0,0	0,38,0,0,0,64,0,0,0,0,0,0,0	0,0,0,0,0,2,82,0,20,0	0,0,0,0,0,0,0,0,16,260	296	262
1483	0,0,0,7,0,0,0,0,1,0,0,0,0	34,12,0,0,13,0,0,0,25,0,188,0,0	0,152,0,0,0,47,143,0,0,0	0,0,0,0,0,92,297,0,1,50	261	300
1484	0,60,0,0,0,0,0,0,0,0,0,0,0	0,3,0,41,0,117,1,0,12,0,177,2,0	0,0,0,0,0,0,0,0,0,6	0,0,0,0,0,0,276,51,141,96	254	261
1485	74,383,0,57,0,114,0,0,2,0,0,2,0	0,0,0,4,0,0,0,0,0,0,0,0,0	0,0,0,0,0,88,0,0,244,0	0,0,0,0,0,0,0,0,0,0	221	221
1489	0,0,0,0,0,0,0,197,38,0,0,0,0	0,8,0,0,0,0,0,0,0,0,0,0,0	0,0,0,0,0,0,0,0,0,0	0,0,0,0,0,0,9,0,0,0	224	188
1494	22,283,0,0,0,74,0,16,0,0,0,0,1	0,118,0,0,0,0,49,0,0,0,259,0,0	50,0,0,0,0,80,69,4,0,0	0,0,0,0,0,0,418,61,0,0	260	210
1501	1,0,0,0,0,0,0,0,0,0,0,0,0	0,0,0,0,0,0,0,0,0,0,0,0,0	0,0,0,0,0,32,0,0,0,0	0,0,0,2,0,0,102,0,0,0	300	271
1509	0,78,0,0,0,0,0,0,0,0,308,13,0	0,318,0,1,19,0,0,10,20,0,182,840,2	0,0,0,0,0,0,40,0,0,0	0,95,0,0,0,97,38,151,17,0	288	288
1510	0,0,0,0,0,0,0,0,0,0,0,2,0	6,8,2,0,0,0,0,0,0,0,0,0,0	0,404,0,0,1,0,0,0,0,0	0,0,0,0,0,0,0,0,0,200	188	254
1511	0,0,0,0,0,0,0,0,32,0,1,0,0	6,8,2,0,0,0,0,0,0,0,0,0,0	12,14,0,0,0,0,0,0,0,0	0,0,0,0,0,0,0,0,0,200	197	254
1513	0,0,0,0,0,0,0,0,32,0,1,0,0	0,0,0,0,0,0,0,0,0,0,0,2,0	12,14,0,0,0,0,0,0,0,0	0,404,0,0,1,0,0,0,0,0	197	188
1518	0,0,0,0,0,0,0,0,0,0,0,0,0	5,0,1,0,0,0,0,0,0,0,252,0,0	0,0,0,0,0,0,163,0,10,0	0,0,0,0,0,44,27,0,0,0	249	195
1520	0,0,0,0,0,87,0,0,0,0,0,0,0	0,90,0,0,0,0,0,0,12,0,0,0,0	0,0,0,0,0,133,0,8,31,0	0,0,0,0,0,0,78,0,0,0	300	272
1523	0,66,0,0,0,0,0,0,0,0,0,0,0	0,93,0,0,0,0,0,0,0,0,0,0,0	99,0,0,0,0,28,33,0,7,0	0,0,0,0,0,0,0,0,0,0	300	300
1525	0,0,0,0,0,0,0,15,0,0,0,0,0	0,215,0,0,0,0,0,0,3,0,0,0,2	0,0,0,0,0,0,0,0,0,0	0,15,0,0,0,0,35,23,0,0	300	169
1527	0,0,0,0,0,0,0,0,0,0,0,0,0	0,0,0,0,0,96,0,0,0,0,0,0,0	0,0,0,0,0,0,81,0,0,0	0,0,0,0,0,0,0,0,0,0	239	284
1535	0,0,0,0,0,0,0,0,0,0,0,174,0	0,0,0,1,0,0,0,0,0,0,0,0,0	0,0,0,0,0,0,16,0,0,0	0,0,0,0,0,0,48,0,0,0	284	300
1536	0,0,0,0,0,0,0,0,0,0,0,169,0	0,43,0,0,1,0,0,0,0,0,0,0,0	0,288,0,0,0,0,0,0,0,0	0,0,0,0,0,0,0,0,0,0	300	186
1537	0,0,0,0,0,0,0,0,0,0,0,0,0	0,48,0,0,1,0,0,0,0,0,0,0,0	0,0,0,0,0,0,23,0,0,0	0,0,0,0,0,0,0,0,0,0	186	299
1542	0,0,0,0,0,0,0,0,31,0,0,259,0	0,0,0,0,0,0,0,0,0,0,0,300,0	0,0,0,0,0,0,0,0,0,0	0,0,0,0,0,65,0,0,0,0	281	214
1543	0,0,385,0,0,0,0,0,0,0,220,0,0	0,11,0,0,0,0,0,0,0,0,0,0,0	0,0,0,0,0,0,0,0,0,0	0,0,0,0,0,34,0,0,0,0	252	279
1545	63,52,0,0,0,0,0,0,0,0,0,0,0	0,36,0,0,0,0,0,0,0,0,0,0,0	0,0,0,0,46,0,0,0,0,0	0,0,0,0,0,0,0,0,0,0	218	206
1554	0,0,0,0,0,0,0,0,1,0,0,165,0	0,0,0,0,0,0,0,0,0,0,0,0,0	0,0,0,0,0,0,0,0,0,0	0,0,0,0,0,42,0,1,0,0	193	254
1556	0,0,0,0,0,0,0,0,0,0,0,0,0	48,48,0,0,54,68,0,0,0,0,0,0,0	0,0,0,0,0,30,0,0,0,8	0,0,0,0,0,3,0,139,0,0	300	251
1557	8,58,0,0,0,0,0,118,0,0,0,0,0	0,0,0,0,0,1,0,0,0,0,0,0,0	0,0,0,0,0,2,0,0,0,0	0,250,0,0,0,0,0,0,330,0	249	240
1560	0,39,0,0,0,0,0,0,0,0,0,0,0	0,0,0,0,0,0,0,0,16,0,0,0,0	0,0,0,0,0,0,0,0,0,0	0,356,0,0,0,0,0,0,0,0	254	244
1561	0,39,0,0,0,0,0,0,0,0,0,0,0	0,0,0,0,0,0,0,0,0,0,0,0,0	0,0,0,0,0,0,0,0,0,0	0,372,0,0,0,0,3,0,0,0	254	255
1562	0,39,0,0,0,0,0,0,0,0,0,0,0	0,0,0,0,0,0,0,0,0,0,0,0,0	0,0,0,0,0,0,0,0,0,0	0,372,0,0,0,0,3,0,0,0	254	258
1567	0,96,0,0,0,0,0,0,0,0,0,0,0	0,0,152,0,0,0,0,0,0,0,0,0,0	0,0,0,0,0,0,215,26,0,0	0,0,0,0,0,0,0,0,0,0	300	300
1579	0,0,0,0,0,0,0,0,0,0,0,0,0	0,0,0,0,0,0,0,0,0,0,8,0,0	0,293,0,0,0,0,0,0,0,0	0,0,0,0,0,0,0,0,0,0	268	231
1582	0,31,0,0,0,0,0,0,0,0,112,0,0	0,50,2,0,0,0,0,0,0,0,0,0,0	0,0,0,0,0,13,0,0,0,0	0,0,0,0,0,0,0,0,0,0	164	300
1593	2,155,4,0,0,0,1,1,34,0,1,21,0	0,28,0,1,0,87,0,0,0,0,0,0,0	306,0,0,0,0,1,0,50,0,7	0,0,0,0,0,2,1,0,0,0	300	300
1595	0,75,0,0,0,6,0,0,52,1,0,0,2	1,29,0,0,0,0,0,0,47,540,0,2,0	730,0,0,0,0,67,523,96,0,25	0,0,0,0,0,95,428,51,2,0	300	300
1596	2,521,0,51,17,0,0,0,10,0,0,0,0	1,39,0,18,0,47,0,0,80,2,10,465,0	949,117,0,0,7,314,330,166,7,3	0,0,0,0,0,63,354,0,195,135	300	287
1597	0,0,0,0,0,0,0,0,0,0,0,0,0	0,0,0,0,1,0,0,0,0,0,0,0,0	0,0,0,0,0,25,0,0,99,0	0,0,0,0,0,0,0,21,0,0	198	195
1599	0,0,0,0,0,0,0,0,0,0,0,0,232	0,22,0,0,0,0,0,0,10,0,0,0,0	0,0,0,0,1,0,0,0,0,0	0,0,0,0,0,0,0,0,0,0	265	221
1601	3,20,0,0,12,0,0,5,13,525,290,0,0	0,0,0,0,0,0,0,154,0,0,0,0,0	0,0,0,0,0,81,120,0,0,0	0,0,0,0,0,0,0,0,0,0	300	300
1604	0,54,0,0,0,0,0,0,0,0,0,0,0	1,42,1,0,0,0,0,0,0,0,0,0,0	0,0,0,1,0,44,0,0,0,0	0,0,0,0,0,0,0,0,0,0	222	300
1614	0,0,0,0,0,0,0,0,0,1,0,0,0	0,0,0,0,0,0,0,0,0,0,0,0,0	0,0,0,0,0,0,0,0,0,0	0,0,0,0,0,0,279,0,0,0	167	263
1620	0,0,0,0,0,0,0,0,0,0,0,0,0	0,1,0,0,0,0,0,0,0,0,0,0,0	0,0,0,0,0,42,0,0,0,0	0,0,0,0,0,0,0,0,0,0	200	222
1621	0,0,0,0,0,0,0,0,0,0,0,0,0	0,20,0,0,0,0,0,0,0,0,0,0,0	0,0,0,0,0,42,0,0,0,0	0,0,0,0,0,0,0,0,0,0	200	222
1625	6,0,0,0,0,0,0,0,42,0,0,0,0	0,47,0,0,0,0,0,3,10,1,0,0,0	0,0,0,0,0,3,234,0,0,0	516,0,0,0,0,15,0,0,0,0	245	281
1626	6,0,0,0,0,0,0,0,59,0,0,0,0	0,221,0,0,0,0,0,0,0,0,0,0,0	0,0,0,0,0,3,234,0,0,0	0,0,0,0,0,1,94,0,0,0	245	245
1628	0,2,0,0,7,0,0,0,0,0,0,0,0	0,0,0,0,0,0,0,0,0,0,0,0,0	0,0,0,2,0,0,0,0,9,0	0,0,0,0,0,0,1,0,0,0	222	222
1629	0,52,0,0,0,0,0,0,0,0,0,0,0	0,11,0,0,0,112,0,0,0,0,8,0,0	0,40,0,0,0,26,0,72,137,0	22,0,0,0,0,1,0,0,61,0	178	178
1630	0,0,0,0,0,175,0,0,0,0,0,1,0	0,0,0,0,0,112,0,0,0,0,0,0,0	0,0,0,0,0,0,127,0,0,0	22,0,0,0,0,0,6,0,56,0	178	178
1631	2,31,298,0,0,190,0,0,0,0,8,0,0	0,0,0,0,0,0,0,0,0,0,0,0,0	0,0,0,0,0,1,0,0,5,208	0,29,0,0,0,1,1,0,0,0	222	222
1635	0,0,0,0,0,0,0,0,0,0,437,0,0	0,0,0,0,0,71,0,0,0,0,0,0,0	0,0,0,0,0,0,65,0,0,0	0,0,0,0,0,62,0,0,1,0	298	241
1637	0,22,0,0,0,0,0,0,0,214,231,0,0	0,0,164,12,0,83,0,0,0,0,451,0,0	0,0,0,0,0,0,0,0,0,0	0,0,0,91,0,0,34,0,2,0	300	298
1638	0,0,0,0,0,0,0,0,0,0,0,0,0	0,1,0,0,0,0,0,0,0,0,0,0,0	76,0,0,0,0,0,0,0,0,0	0,0,0,0,0,0,0,0,0,0	191	212
1640	0,33,0,0,0,0,0,0,0,171,0,0,0	0,1,0,0,0,0,0,453,4,0,0,0,0	0,33,0,0,0,0,0,0,0,0	251,0,0,0,0,0,0,46,0,28	239	215
1646	0,3,0,0,0,0,0,0,0,0,0,24,0	0,0,0,0,0,0,0,0,14,0,0,0,0	0,0,0,0,0,0,0,0,0,0	0,0,0,0,0,102,0,0,0,0	207	230
1652	0,78,0,3,0,0,0,273,14,0,44,0,0	29,0,382,0,0,202,0,15,0,0,257,0,0	3,0,0,12,0,78,201,9,0,0	0,0,0,0,0,0,126,0,33,0	155	218
1657	0,2,0,0,0,0,0,0,0,0,0,0,0	0,2,0,0,0,0,0,0,0,0,0,0,0	0,0,0,0,0,0,2,0,0,0	0,0,0,0,0,0,0,0,0,0	238	276
1659	41,537,319,0,2,316,0,1,62,0,314,3,2	0,0,0,0,0,112,0,0,33,0,0,0,0	1,181,0,0,1,100,280,0,14,1	0,0,0,0,0,0,0,0,0,0	300	206
1661	0,92,0,0,361,102,0,0,85,0,776,69,1	0,0,0,0,0,100,0,0,0,0,0,0,0	0,0,0,0,0,0,0,156,136,0	0,9,0,0,0,0,0,0,5,0	300	224
1662	0,92,0,0,361,102,0,0,85,0,776,69,1	0,0,0,0,0,0,0,0,0,0,0,0,0	0,0,0,0,0,0,0,204,136,0	0,9,0,0,0,0,0,0,0,0	300	224
1673	0,65,0,0,0,0,0,0,13,0,209,0,0	0,0,0,0,0,0,0,0,0,0,0,3,0	0,0,0,0,0,0,153,0,0,0	0,0,0,0,0,24,0,0,0,0	266	272
1675	0,0,0,0,0,0,0,0,0,1,0,0,0	0,0,382,78,1,102,0,0,0,0,531,0,0	0,10,0,0,0,112,2,0,0,0	3,354,0,0,0,0,62,12,0,0	284	281
1679	0,132,0,0,0,2,0,0,0,0,54,0,0	0,75,0,0,0,29,0,0,0,0,0,0,0	0,0,0,0,0,75,0,0,0,0	0,0,0,0,0,58,0,0,0,0	258	299
1681	0,31,0,55,0,154,0,0,0,0,0,0,0	0,47,0,0,0,0,0,0,0,0,0,0,0	0,0,0,0,0,59,0,0,0,0	0,0,0,0,0,11,0,0,0,0	258	258
1682	0,41,0,0,0,0,0,0,0,0,0,0,0	7,115,0,0,0,0,0,0,0,0,0,0,0	0,0,0,0,0,0,0,0,0,0	0,0,0,0,0,0,0,0,100,1	212	230
1697	0,6,0,0,0,46,0,12,0,0,0,0,0	0,0,0,0,0,0,1,0,0,0,0,0,0	0,0,0,0,0,61,1,0,0,0	0,0,0,0,0,0,0,0,0,0	300	296
1698	0,0,0,0,0,24,0,0,0,0,0,0,0	24,0,1,1,0,0,0,0,0,0,0,0,0	0,0,0,0,0,0,0,0,0,0	480,0,0,0,1,0,0,0,24,0	300	300
1701	7,0,0,0,0,163,0,0,24,0,304,0,0	0,0,0,0,0,0,0,0,0,0,435,0,0	0,268,0,0,0,196,0,0,48,0	0,0,0,0,0,0,155,0,0,0	240	230
1702	7,0,0,0,0,163,0,0,24,0,304,0,0	0,0,0,0,0,0,0,0,0,0,435,0,0	0,268,0,0,0,196,0,0,48,0	0,0,0,0,0,0,155,0,0,0	240	236
1706	0,39,0,0,0,0,0,0,0,0,0,0,0	0,0,0,0,0,0,0,0,0,0,0,0,1304	0,0,0,0,0,0,0,0,0,0	0,0,0,0,0,72,0,0,0,0	216	291
1716	0,83,0,0,0,0,1,0,5,1,117,0,0	0,224,0,1,0,0,0,0,0,0,34,0,0	0,0,0,0,0,0,0,48,0,0	0,0,0,0,0,66,207,0,0,0	264	264
1717	0,114,0,0,0,0,0,0,0,1,0,0,0	3,90,0,0,0,0,0,0,0,0,0,0,0	0,0,0,1,0,0,0,0,0,0	0,222,0,0,0,0,0,0,0,0	203	242
1720	0,8,0,0,0,0,0,0,0,0,0,0,0	0,0,0,0,1,0,0,0,4,0,0,0,0	0,0,0,0,0,0,0,0,0,0	0,0,0,0,0,0,20,0,0,0	199	242
1732	0,0,0,0,0,0,0,0,0,0,0,0,0	0,1,0,0,0,0,0,0,0,0,0,0,0	0,0,0,0,0,0,1,0,0,0	0,0,0,0,0,0,0,0,0,0	300	230
1733	0,0,0,0,0,0,0,0,0,0,0,0,0	0,1,0,0,0,0,0,0,0,0,0,0,0	0,0,0,0,0,0,1,0,0,0	0,0,0,0,0,0,0,0,0,0	300	265
1734	0,0,0,0,0,0,0,0,0,0,0,0,0	0,1,0,0,0,0,0,0,0,0,0,0,0	0,0,0,0,0,0,1,0,0,0	0,0,0,0,0,0,0,0,0,0	300	300
1748	0,217,0,0,0,0,0,0,0,51,0,0,0	0,35,0,0,1,22,0,0,0,0,0,0,0	0,126,0,0,0,0,0,0,215,0	0,0,0,0,0,0,339,0,0,0	300	300
1750	95,8,0,0,0,0,0,0,0,0,0,0,0	0,21,0,0,0,0,0,0,0,0,0,0,0	0,0,0,0,0,1,0,0,0,0	0,0,0,0,0,1,10,0,0,0	288	291
1754	0,0,0,0,0,0,0,0,0,0,129,0,0	5,0,0,0,0,0,0,0,0,0,2,293,0	0,1,0,0,0,113,0,18,0,144	0,350,0,0,0,0,0,0,0,0	245	300
1756	0,57,0,0,173,0,0,0,0,0,0,0,0	8,0,1,1,0,70,0,0,1,1,1,90,0	0,0,0,0,0,48,0,0,0,0	0,0,0,0,3,0,0,0,3,0	284	300
1759	0,90,0,0,21,0,0,0,0,0,0,0,0	0,77,0,0,0,0,0,0,0,0,0,45,0	0,0,0,0,0,0,0,0,0,23	0,0,0,0,0,0,0,0,0,0	233	182
1768	68,113,0,0,0,2,0,0,0,0,298,0,0	0,99,175,0,141,0,1,225,0,0,0,0,0	0,0,0,0,0,0,0,0,0,0	0,0,0,0,1,49,0,0,0,0	279	246
1784	0,145,0,0,0,1,0,0,0,0,353,0,0	0,0,0,0,136,0,0,0,0,0,0,0,0	257,0,0,0,0,0,150,0,90,0	0,0,0,0,0,0,0,0,0,0	300	245
1788	0,0,0,0,0,0,0,0,0,0,0,0,0	0,121,0,0,0,0,0,0,0,0,0,0,0	0,0,0,0,0,0,185,0,0,0	0,0,0,0,0,0,0,0,0,0	216	235
1793	0,99,0,80,0,0,0,0,0,0,1,0,0	0,108,0,0,0,119,0,0,0,0,0,0,0	0,790,0,0,0,2,379,0,0,0	80,0,0,0,0,66,80,0,0,0	300	236
1794	0,83,0,177,0,0,0,0,9,0,149,0,0	0,108,0,0,0,119,0,0,0,0,0,0,0	0,387,0,0,0,0,0,146,0,0	80,0,0,0,0,66,80,0,0,0	300	236
1799	0,0,0,0,0,0,0,0,8,0,0,0,0	0,0,0,0,0,0,0,0,0,0,0,0,0	0,0,0,0,0,0,0,0,0,0	0,0,0,0,0,45,0,0,0,0	253	274
1800	0,0,0,0,0,0,0,0,8,0,0,0,0	0,54,0,0,0,0,0,0,0,0,0,0,0	0,0,0,0,0,0,0,0,0,41	0,0,0,0,0,0,0,0,0,0	274	216
1805	0,0,0,0,0,0,0,0,0,0,0,0,0	0,45,0,0,0,0,0,0,0,0,0,0,0	0,0,0,0,0,0,0,0,115,0	0,0,0,0,0,0,0,0,0,0	197	173
1822	0,0,0,0,0,0,0,0,0,0,0,0,0	0,0,0,192,0,0,0,0,0,0,0,0,0	0,0,0,0,0,0,0,0,0,68	0,32,0,0,0,0,0,0,0,33	300	257
1825	0,0,0,0,205,0,0,0,0,0,0,0,0	0,0,0,0,0,0,0,0,0,0,0,0,0	1,0,0,0,0,0,0,0,0,0	0,0,0,0,0,89,0,0,0,0	275	272
1826	0,0,0,0,0,0,0,0,0,0,0,0,0	0,0,0,11,0,0,0,0,0,0,0,0,0	0,0,0,0,0,56,0,0,0,0	63,0,0,0,2,0,0,0,0,0	255	300
1841	0,0,0,130,0,0,0,0,0,0,0,0,0	0,0,0,0,0,0,0,0,0,0,0,0,0	0,0,0,0,0,0,0,0,0,0	0,0,0,0,0,4,0,0,0,0	200	212
1844	0,0,0,0,0,0,0,0,8,0,0,0,0	0,0,0,0,0,0,0,0,0,0,0,0,0	0,0,0,0,0,0,0,0,0,0	0,0,0,0,0,0,0,149,0,0	216	237
1861	21,129,0,111,0,279,0,0,5,0,784,312,1	0,216,0,0,0,0,0,40,0,0,338,200,0	0,0,0,251,0,19,543,0,75,0	0,6,0,0,1,84,268,0,0,0	233	300
1864	30,24,0,1,0,0,0,0,0,0,2,0,0	0,22,0,0,0,0,0,0,0,0,0,0,0	0,0,0,0,0,11,132,0,0,0	0,0,0,0,0,0,0,0,0,0	300	218
1865	0,15,0,0,0,0,0,0,0,0,0,0,0	56,2,0,0,0,0,0,0,0,0,396,130,0	0,0,0,0,0,0,0,0,0,0	0,0,0,0,0,0,8,0,0,0	300	300
1870	0,0,0,0,0,0,0,0,0,0,0,0,0	0,35,0,0,0,0,0,0,0,0,0,0,0	0,0,0,0,0,48,0,0,0,0	0,0,0,0,0,0,0,0,0,0	230	273
1875	0,115,0,0,0,0,0,0,6,0,23,1,0	0,0,0,0,0,0,0,0,0,0,0,180,0	0,0,0,0,0,0,31,14,127,0	0,0,0,0,0,0,0,0,0,0	221	221
1889	0,0,0,0,0,1,0,0,0,0,0,0,0	0,0,0,0,0,0,0,0,24,0,0,0,0	0,0,0,0,0,0,0,0,0,0	0,0,0,1,0,0,0,0,0,0	253	225
1891	0,36,0,0,0,0,0,1,0,0,0,0,0	75,0,0,0,0,44,0,0,10,0,49,0,0	0,0,0,0,0,0,0,0,0,0	0,0,0,0,4,0,297,0,0,176	285	300
1893	0,3,0,0,0,0,0,0,0,0,0,0,0	0,2,0,0,0,0,0,0,0,0,0,0,0	0,0,0,0,0,0,0,0,0,0	0,0,0,0,0,0,3,0,0,0	246	183
1894	0,0,0,0,0,0,0,0,0,0,0,0,0	0,2,0,0,0,0,0,0,0,0,0,0,0	0,0,0,0,0,0,0,0,0,2	0,0,0,0,0,0,3,0,0,0	249	183
1895	24,50,0,0,0,0,0,0,0,0,90,0,0	0,0,0,0,0,0,0,0,0,0,0,0,0	377,0,0,0,0,0,298,0,0,0	0,0,0,0,0,0,2,0,0,0	216	249
1896	0,0,0,41,0,0,0,0,0,0,0,4,0	10,82,0,0,0,0,0,0,0,0,453,0,0	0,0,0,0,0,0,0,0,0,0	0,0,0,0,0,0,0,0,2,0	227	254
1897	1,1,0,0,0,28,0,0,0,0,0,0,0	0,0,0,0,0,0,0,0,0,0,0,0,0	0,208,0,0,0,2,0,1,1,0	1,0,0,0,0,0,0,0,0,0	248	170
1898	1,1,0,0,0,28,0,0,0,0,0,0,0	0,0,0,0,0,0,0,0,0,0,281,0,0	0,208,0,0,0,2,0,1,1,0	0,0,0,0,0,0,0,0,22,0	248	173
1916	9,0,0,0,0,0,0,0,0,0,0,0,0	0,0,0,0,0,9,0,0,0,0,0,0,0	0,0,0,0,0,0,0,0,0,0	0,0,0,0,0,49,29,0,0,0	300	300
1923	0,0,0,0,0,0,0,0,0,18,0,0,0	0,0,0,0,0,0,0,0,0,0,142,0,0	0,2,0,0,0,50,0,0,0,0	0,0,0,0,0,0,0,0,0,0	257	254
1927	0,0,0,0,0,0,0,0,0,0,0,0,0	0,133,0,0,0,245,0,9,0,0,501,0,0	0,0,0,0,0,72,0,0,0,0	0,0,0,0,0,0,0,0,0,102	235	300
1929	0,0,0,0,0,0,0,0,0,0,0,0,0	0,66,0,0,0,0,0,0,0,0,0,0,0	0,0,0,0,0,47,0,0,0,0	0,0,0,0,0,0,0,0,0,0	202	220
1931	0,55,0,0,0,0,0,0,0,0,0,0,0	0,0,0,0,0,0,0,0,0,0,0,0,0	0,0,0,0,0,0,0,0,0,0	0,50,0,0,0,0,0,0,0,0	300	242
1934	0,15,0,0,0,0,0,0,0,0,0,0,0	0,0,0,0,0,0,0,0,0,0,360,0,0	0,0,0,0,0,0,0,0,0,0	0,0,0,0,0,0,0,0,9,0	236	300
1935	0,15,0,0,0,0,0,0,0,0,0,0,0	0,0,0,0,0,0,0,0,0,0,0,0,0	0,0,0,0,0,0,0,0,0,0	479,0,0,0,0,60,1,188,0,0	236	241
1939	0,0,0,0,0,63,0,0,0,0,0,0,0	0,0,0,0,0,0,0,0,0,0,0,0,0	0,0,0,0,0,0,4,0,0,0	0,0,0,0,0,0,0,0,0,25	275	200
1948	0,0,348,0,0,0,0,0,0,0,210,0,10	0,0,0,0,0,0,0,0,0,0,0,0,0	0,0,0,0,0,0,0,0,0,0	0,0,0,0,0,0,0,0,0,116	291	300
1958	0,68,0,0,0,0,0,0,0,0,0,0,0	0,0,0,0,0,0,0,0,0,0,0,2,0	0,0,0,0,0,0,0,1,0,0	419,0,0,0,0,0,0,6,0,0	263	263
1962	0,2,0,0,0,0,0,0,0,0,0,0,0	0,34,0,0,0,0,0,0,0,0,0,0,0	0,0,0,0,0,0,0,14,9,0	0,0,0,0,0,19,0,0,0,0	300	236
1964	1,48,0,0,0,0,0,0,0,0,0,0,0	1,50,0,0,0,0,0,0,1,0,1,0,0	0,0,0,0,0,0,4,0,0,0	0,0,0,0,0,0,0,59,0,0	300	227
1973	0,44,0,0,0,0,0,0,0,0,119,0,0	2,7,0,0,0,181,0,0,0,0,89,0,0	0,0,0,0,10,0,1,0,0,8	0,0,0,0,0,0,0,0,0,0	236	275
1974	0,0,0,0,10,0,0,0,0,0,0,39,0	0,0,0,0,0,0,0,0,0,0,0,0,0	0,0,0,0,0,0,1,0,0,0	0,0,0,0,0,0,1,0,0,0	300	294
1994	0,52,0,0,0,0,0,0,1,0,0,0,0	0,0,0,0,0,0,0,0,0,0,0,1,0	0,0,0,0,0,0,146,1,0,0	62,0,0,0,0,78,0,52,0,0	222	222
2004	0,0,0,0,0,0,0,0,0,0,0,0,0	0,24,89,0,0,2,0,0,0,0,0,0,0	0,0,0,0,0,43,0,0,0,0	0,0,0,0,51,0,0,15,0,0	236	300
2018	0,68,0,0,0,0,0,0,0,0,0,0,0	0,41,0,0,0,0,0,0,0,0,0,0,0	0,29,0,0,0,0,68,0,0,0	0,0,0,0,0,7,134,0,0,0	255	291
2023	0,0,0,0,0,0,0,0,0,0,0,0,0	0,15,0,0,0,0,0,0,0,0,0,0,0	0,0,0,0,0,24,0,3,0,0	0,0,0,0,0,0,0,0,0,0	233	207
2033	0,0,0,0,0,0,0,0,0,0,0,0,0	0,131,0,0,0,0,0,0,0,0,0,0,0	0,91,0,0,0,44,1,0,0,0	0,0,0,0,0,0,0,0,0,0	226	276
2034	0,0,0,0,0,104,0,0,0,0,0,0,0	0,0,0,0,0,0,0,0,0,0,0,0,0	0,0,0,0,0,0,0,0,0,0	184,0,0,0,0,0,0,0,0,0	233	300
2035	0,0,0,0,0,0,0,0,0,0,0,0,0	0,37,0,0,0,0,0,0,0,0,0,0,0	184,0,0,0,0,0,0,0,0,0	0,0,0,0,0,0,0,0,0,0	200	233
2037	0,19,0,0,0,0,0,0,0,0,0,5,0	4,159,111,0,610,5,0,0,0,0,6,221,0	2,0,0,0,0,0,99,0,0,0	107,0,0,0,15,98,1,24,0,137	300	300
2051	0,36,0,0,1,0,0,0,0,1,0,1,0	0,38,0,0,0,0,0,0,6,0,830,0,0	0,259,0,0,1,0,0,0,0,0	0,245,0,0,0,48,0,0,0,0	224	268
2057	0,6,0,0,0,0,0,0,0,0,3,66,0	0,0,0,0,0,0,0,0,0,0,0,0,0	0,0,0,0,0,1,0,0,0,0	0,0,0,0,0,1,0,0,0,0	243	276
2058	0,89,0,0,0,0,0,0,0,0,0,0,0	0,0,0,0,0,0,0,0,20,0,0,0,0	0,0,0,0,0,14,7,0,0,0	0,0,0,0,0,0,0,0,0,0	276	213
2064	0,0,0,0,0,0,0,0,0,0,0,117,0	0,0,0,0,178,0,0,0,0,0,174,0,0	0,0,0,0,0,0,525,0,0,0	0,173,0,0,0,0,0,0,0,0	278	176
2072	0,0,0,0,0,0,0,0,0,0,0,0,0	0,0,0,0,1,225,0,0,0,0,1,0,0	0,0,0,0,0,67,0,0,0,0	0,0,0,0,0,0,312,0,52,0	300	278
2076	0,34,0,0,0,0,0,0,0,0,0,0,0	0,0,0,0,0,0,0,0,0,0,0,0,0	0,0,0,0,0,0,0,0,0,0	0,0,0,0,0,0,0,2,0,0	298	266
2081	0,0,0,2,0,0,0,0,3,0,0,0,0	0,39,0,0,0,0,0,0,0,0,0,0,0	0,0,0,0,0,86,0,0,85,0	0,0,0,0,0,0,0,0,0,0	278	188
2083	0,52,0,0,0,5,0,0,0,0,2,0,0	0,0,0,0,0,0,0,0,0,0,0,0,0	85,0,0,0,0,0,0,1,13,17	84,0,0,1,0,0,0,0,1,0	236	203
2108	0,0,0,0,0,0,0,0,0,0,0,0,0	0,4,0,0,0,0,0,0,6,0,0,0,0	0,0,0,0,0,0,47,0,0,0	0,0,0,0,0,42,0,72,1,0	188	227
2115	0,75,0,0,0,0,0,0,0,0,0,0,0	0,0,0,0,0,0,0,0,0,0,0,0,0	0,0,0,0,0,0,0,0,0,0	0,0,0,0,0,0,0,8,17,0	254	300
2139	0,48,0,0,0,0,0,0,0,0,0,0,0	0,0,0,0,0,0,0,0,0,0,0,0,0	0,0,0,0,0,0,0,0,0,0	0,0,0,0,0,1,7,0,0,0	264	264
2142	0,0,0,0,0,0,0,0,0,0,0,0,0	2,67,0,0,0,114,0,0,0,0,0,0,0	0,1,0,0,0,0,0,0,0,0	0,0,0,0,0,0,229,60,0,0	255	238
2143	0,45,0,0,0,138,0,0,17,0,0,81,0	11,4,0,0,0,0,47,0,0,0,0,372,0	129,164,0,0,0,150,266,315,3,459	0,91,0,0,9,26,160,138,0,0	230	191
2145	0,0,0,0,0,0,0,0,0,0,39,0,0	11,73,0,0,0,0,0,0,14,1,0,0,0	0,0,0,0,0,0,86,159,0,46	0,0,0,0,0,0,7,48,0,0	223	223
2152	0,112,0,0,0,1,0,0,0,0,0,0,0	8,14,0,0,0,0,0,0,0,0,0,0,0	7,0,0,0,0,49,235,0,45,112	0,0,0,0,0,0,0,0,0,0	239	300
2169	0,59,0,0,0,0,0,0,0,0,0,0,0	2,0,0,3,0,0,0,0,0,0,0,299,0	60,0,0,0,7,43,0,0,0,0	0,249,0,0,0,0,0,0,0,0	288	288
2170	0,104,0,0,0,0,0,0,0,0,0,0,0	2,271,0,0,0,0,0,0,0,477,0,108,0	0,0,0,0,0,0,0,0,172,0	0,0,0,0,0,0,134,0,0,0	257	290
2177	0,0,0,0,0,0,0,0,0,0,0,0,0	0,22,0,0,0,0,0,264,0,106,252,0,0	0,0,0,0,0,0,1,0,0,0	444,98,0,0,2,82,175,58,1,0	300	271
2207	0,0,0,0,0,75,0,0,15,0,0,0,0	0,46,0,0,0,0,0,0,0,0,0,0,0	0,0,0,0,0,0,0,0,197,0	0,0,0,0,0,0,0,0,0,0	243	248
2213	41,0,0,21,0,0,0,0,0,0,7,0,0	4,53,0,0,0,0,0,0,0,0,0,0,0	0,0,0,0,0,0,3,73,0,0	0,0,0,0,0,0,0,0,0,0	220	257
2227	0,0,0,0,0,0,0,0,0,0,0,0,0	0,0,0,0,0,0,0,34,0,0,0,0,0	0,0,0,0,0,0,0,0,0,138	0,0,0,0,0,1,0,0,0,0	197	260
2229	0,0,0,0,0,0,0,0,0,0,249,0,0	1,0,0,0,0,57,0,0,0,0,0,0,0	0,0,0,0,0,0,152,0,0,0	0,0,0,0,0,4,0,0,0,38	260	230
2234	0,0,0,0,0,0,0,0,0,0,0,0,0	0,14,0,0,0,99,0,0,0,0,0,0,0	1,0,0,0,0,0,0,0,0,0	0,0,0,0,0,0,0,0,0,0	265	300
2239	0,0,0,0,0,0,0,0,14,0,0,0,0	0,0,0,0,0,0,0,0,0,0,0,0,0	0,0,0,0,0,0,0,0,0,0	0,0,0,0,0,0,0,0,0,1	218	185
2250	0,9,0,0,0,0,0,0,0,0,0,0,0	0,0,0,0,0,0,0,0,0,0,257,0,0	106,0,0,0,0,81,0,1,0,0	0,0,0,0,0,0,0,1,0,0	285	242
2252	7,11,0,0,0,76,0,0,0,0,0,314,89	39,76,0,0,0,0,0,0,1,0,0,0,0	0,0,0,1,31,49,21,170,91,0	0,0,0,0,0,94,47,28,0,0	289	300
2257	0,91,95,0,0,0,0,277,0,0,0,0,0	0,19,0,0,0,0,0,0,0,0,2,0,0	0,70,0,0,0,0,0,0,0,0	0,26,0,0,0,0,223,0,137,0	204	267
2269	0,0,0,0,0,0,0,0,0,0,37,0,0	0,0,0,0,0,0,0,0,0,0,0,0,0	0,0,0,0,0,0,0,0,0,0	0,0,0,0,0,0,0,0,266,0	300	300
2271	0,0,0,0,0,0,0,0,0,0,0,0,0	0,77,0,0,0,0,0,0,0,0,0,0,0	0,0,0,0,0,0,60,0,0,0	0,0,0,0,0,24,0,0,0,0	209	217
2278	50,0,0,0,0,103,0,0,0,0,0,0,0	0,0,22,0,0,0,0,0,0,0,8,0,0	0,0,0,0,0,0,3,0,0,0	1,0,0,0,0,48,0,0,145,0	300	297
2284	0,1,0,0,0,0,0,0,0,0,0,0,0	0,31,0,0,0,0,0,0,0,0,0,133,0	279,0,0,0,0,0,0,0,0,0	0,0,0,0,0,0,0,0,0,0	300	300
2296	0,0,0,0,0,0,0,0,0,0,0,0,0	0,58,0,0,0,0,0,0,0,0,0,0,0	0,0,0,0,0,0,5,0,0,0	0,0,0,0,0,1,4,1,0,0	270	300
2297	0,0,0,0,0,0,37,0,0,0,0,0,0	0,139,0,0,0,0,0,0,0,0,0,0,0	0,337,0,0,0,0,0,1,0,0	17,0,0,0,0,0,108,0,0,0	280	300
2309	0,0,0,0,0,0,0,0,0,0,0,0,0	0,0,0,0,0,0,0,0,0,0,8,0,0	0,427,0,0,0,0,0,0,0,0	0,0,0,0,0,0,0,15,0,0	300	300
2330	66,231,0,0,54,0,0,223,0,0,86,0,0	0,0,0,0,66,0,0,0,14,0,425,0,0	0,1,0,0,0,25,609,0,1,22	0,0,0,0,8,33,24,0,1,55	276	246
2336	1,0,0,0,0,0,0,0,0,0,0,0,0	10,278,0,0,3,0,0,0,0,0,49,0,0	0,0,0,0,0,46,48,0,0,0	0,0,0,0,0,0,14,0,220,0	197	262
2339	0,13,0,0,0,0,0,0,0,0,28,6,0	0,99,464,0,0,4,0,0,19,0,0,0,0	0,0,0,0,0,43,219,0,0,0	0,0,0,0,0,0,284,2,0,0	277	300
2344	0,0,0,0,0,0,0,0,0,0,0,0,0	22,0,0,163,0,9,0,0,0,0,0,0,0	0,0,0,0,0,36,0,0,0,0	0,0,0,0,0,0,0,0,0,0	253	289
2347	31,14,0,0,0,0,0,0,0,0,0,0,0	0,0,0,0,0,0,0,0,0,0,0,0,0	0,0,0,0,0,0,0,57,0,0	0,0,0,0,15,0,0,0,0,0	287	293
2359	3,0,0,0,0,0,0,0,0,0,69,0,0	0,0,0,0,0,0,0,257,8,0,0,0,0	0,0,0,0,0,0,0,0,0,0	0,0,0,0,0,0,76,0,0,0	300	300
2360	0,39,0,0,0,0,0,0,0,0,0,0,0	0,175,0,0,0,0,0,0,0,0,0,0,0	0,0,0,0,0,0,0,0,0,0	0,0,0,0,0,109,105,0,0,0	297	294
2369	1,0,0,0,0,0,0,0,0,0,0,1,0	0,81,196,0,0,0,0,0,0,0,0,0,0	0,2,0,0,0,0,0,0,5,182	0,108,0,0,0,1,0,0,0,94	242	251
2371	0,134,0,0,0,0,0,0,0,0,0,0,0	0,0,0,0,0,0,2,0,0,0,0,0,0	0,0,0,0,0,0,0,0,0,0	0,0,0,0,0,0,0,96,0,0	274	300
2379	0,80,0,0,0,0,0,0,0,1,0,0,0	0,1,0,0,0,1,0,0,0,0,25,0,0	0,0,0,0,0,44,173,0,0,1	13,0,0,0,29,6,0,0,0,0	269	270
2380	0,0,0,0,4,132,0,140,0,424,166,0,0	0,1,0,0,0,1,0,0,0,0,25,0,0	137,10,0,0,0,52,2,0,0,0	0,0,0,0,29,6,0,0,0,0	278	270
2381	0,0,0,0,0,60,0,0,0,0,0,0,0	0,0,0,0,0,0,0,0,0,0,0,0,0	0,0,0,0,0,0,213,0,0,0	13,0,0,0,0,0,0,0,0,0	277	278
2382	0,0,0,0,0,0,0,0,0,0,0,0,0	0,3,0,0,0,4,0,0,0,0,0,0,0	0,0,0,0,0,10,0,0,279,0	0,0,0,0,0,0,1,0,1,0	221	214
2383	0,0,0,0,0,0,0,0,0,0,0,0,0	0,3,0,0,0,4,0,0,0,0,0,0,0	0,0,0,0,0,0,0,0,279,0	0,0,0,0,0,0,1,0,1,0	236	214
2384	0,0,0,0,0,0,0,0,0,0,0,0,0	0,3,0,0,0,4,0,0,0,0,0,0,0	0,0,0,0,0,0,0,0,279,0	0,0,0,0,0,0,1,0,1,0	288	214
2385	0,0,0,0,0,0,0,0,0,0,0,0,0	0,3,0,140,0,6,0,0,0,0,2,0,0	0,0,0,0,0,10,0,0,279,0	0,18,0,0,0,22,2,0,1,0	221	300
2386	0,0,0,0,0,0,0,0,0,0,0,0,0	0,3,0,140,0,6,0,0,0,0,2,0,0	0,0,0,0,0,0,0,0,279,0	0,18,0,0,0,22,2,0,1,0	236	300
2387	0,0,0,0,0,0,0,0,0,0,0,0,0	0,3,0,140,0,6,0,0,0,0,2,0,0	0,0,0,0,0,0,0,0,279,0	0,18,0,0,0,22,2,0,1,0	288	300
2392	0,104,0,0,0,60,0,0,87,303,108,0,0	0,0,0,0,0,0,0,0,0,0,0,0,0	0,0,0,1,0,12,310,0,0,65	0,0,0,0,0,0,156,74,100,0	278	273
2400	0,0,0,0,0,0,0,187,0,1,2,5,0	0,21,0,0,0,179,0,0,0,568,0,0,0	0,3,0,0,0,2,467,0,0,0	0,0,0,0,0,0,1,0,0,0	300	284
2401	46,13,0,0,0,0,0,0,0,0,1,0,0	2,10,0,0,0,6,0,58,0,575,0,0,0	3,0,0,1,0,50,0,0,0,0	0,255,0,0,0,50,68,0,0,0	272	300
2403	0,151,0,0,0,79,0,0,27,0,407,21,0	0,1,0,0,0,0,0,0,0,0,0,16,0	0,0,0,189,0,0,0,0,0,1	0,0,0,0,0,0,0,0,0,0	300	300
2404	0,151,0,0,0,79,0,0,27,0,407,21,0	0,0,0,0,0,0,0,0,0,0,0,8,0	0,0,0,189,0,0,0,0,0,1	0,0,0,0,0,0,1,0,0,7	300	250
2405	0,1,0,0,0,0,0,0,0,0,0,16,0	0,0,0,0,0,0,0,0,0,0,0,8,0	0,0,0,0,0,0,0,0,0,0	0,0,0,0,0,0,1,0,0,7	300	250
2406	0,185,0,0,0,84,0,0,19,0,0,0,0	0,0,0,0,0,0,0,0,0,0,0,0,0	0,115,0,0,0,12,0,0,0,0	0,0,0,0,0,0,1,0,0,7	300	250
2410	0,0,0,0,0,0,0,0,0,0,0,0,0	0,0,0,0,0,148,0,0,12,0,0,356,0	0,0,0,0,0,13,0,0,0,0	0,0,0,0,0,0,0,0,0,0	300	253
2412	0,10,0,0,0,0,0,0,2,0,0,0,0	0,17,0,0,0,0,0,0,24,0,554,0,0	0,0,0,0,0,0,0,0,0,0	0,0,0,0,1,17,3,0,0,0	256	271
2419	0,0,0,0,0,0,0,0,14,0,0,0,0	13,0,0,0,0,0,0,0,0,0,0,0,0	0,0,0,0,0,0,0,0,0,0	0,264,0,0,0,0,29,0,0,0	213	245
2423	0,0,0,0,0,0,0,0,0,0,67,0,0	0,0,0,0,0,0,0,368,5,0,0,0,0	0,0,0,0,0,0,11,0,0,0	0,0,0,0,0,0,0,0,0,0	249	288
2427	0,64,0,0,1,0,0,0,0,0,17,0,0	0,0,0,3,0,0,0,0,0,0,0,0,0	0,0,0,0,0,46,60,0,0,0	0,0,0,0,0,0,0,0,49,0	281	300
2431	0,0,0,0,0,0,0,0,0,0,0,0,0	0,102,0,0,0,0,0,0,35,0,0,0,0	0,0,0,0,0,0,0,0,0,11	68,0,0,0,0,75,18,0,2,0	212	194
2436	0,0,0,0,0,0,0,0,0,0,0,0,0	204,0,0,0,0,0,0,0,8,0,4,0,0	0,0,0,0,0,0,0,0,274,0	0,0,0,0,0,20,0,0,0,0	300	300
2449	0,0,0,0,0,0,0,0,0,366,180,0,0	0,113,0,0,0,0,0,0,13,0,0,0,0	0,0,0,0,0,0,0,0,0,0	0,0,0,0,0,104,0,0,0,0	252	180
2451	0,0,0,0,0,66,0,0,0,0,0,0,0	0,0,0,0,0,0,0,0,0,0,0,0,0	0,54,0,0,0,0,0,0,0,0	0,0,0,0,0,25,0,0,0,0	217	300
2454	0,23,0,0,0,0,0,0,61,0,0,0,0	0,1,68,0,0,0,0,0,0,0,0,75,0	0,0,0,0,0,3,0,0,164,0	0,0,0,0,1,124,88,0,0,1	300	300
2468	0,38,0,0,0,0,0,0,0,0,0,0,0	0,0,0,0,0,0,0,0,0,0,0,0,0	0,0,0,0,0,44,0,0,0,0	0,0,0,0,0,128,0,0,0,0	280	284
2552	0,31,0,1,0,193,0,535,0,0,0,0,0	0,0,0,303,0,69,0,157,0,0,0,0,0	0,0,0,0,0,46,6,173,1,0	0,0,0,0,0,2,0,0,0,0	266	196
2567	14,161,0,94,127,21,1,2,26,0,1,24,0	25,350,3,167,0,56,0,5,0,1,177,1,3	0,0,0,1,0,145,299,13,0,0	301,337,0,0,0,14,125,142,0,0	300	300
2577	0,0,0,0,0,0,0,0,0,0,0,0,0	0,16,0,0,0,3,0,0,0,1,0,0,0	0,0,0,0,0,1,0,0,0,0	0,252,0,0,0,0,0,0,0,0	251	198
2579	0,8,0,0,0,0,0,0,0,0,0,264,0	53,173,0,1,135,0,1,0,0,303,227,0,0	4,0,0,0,0,17,8,0,0,0	0,0,0,0,1,108,248,0,0,0	176	300
2586	0,0,0,0,0,0,0,0,0,0,0,0,0	16,131,0,1,0,0,1,0,0,0,0,0,0	0,0,0,0,0,24,0,0,0,0	0,1,0,0,0,53,0,0,0,0	249	300
