ID	IJC_SAMPLE_1	SJC_SAMPLE_1	IJC_SAMPLE_2	SJC_SAMPLE_2	IncFormLen	SkipFormLen
2	62,0,0,0,0,129,0,611,0,0,0,0,0	0,0,0,0,0,0,0,0,0,0,0,0,0	0,0,0,0,0,0,0,0,0,0	0,0,0,0,0,0,0,0,245,0	391	150
25	0,0,0,0,0,0,0,0,0,0,0,0,287	20,300,0,15,2,18,0,2,2,0,2,1,0	0,0,0,0,0,0,0,0,0,0	73,1,0,0,0,66,155,63,221,15	281	150
38	1,22,0,0,0,0,0,0,22,0,2,0,0	2,92,0,0,0,156,0,0,17,0,0,0,0	0,66,0,0,0,0,13,0,0,0	20,0,0,0,0,0,99,0,0,0	756	150
47	0,0,0,0,0,0,0,0,0,0,184,0,0	0,0,0,0,0,0,0,0,0,0,0,0,0	0,0,0,0,0,0,0,0,0,0	0,2,0,0,0,0,0,0,0,0	458	150
63	0,20,0,0,0,0,0,0,0,0,0,0,0	0,0,0,0,0,0,0,0,0,0,0,1,0	0,1,0,0,0,97,0,135,0,0	0,0,0,0,0,14,220,0,0,88	162	150
73	0,25,0,0,0,0,0,0,0,0,0,0,0	0,569,0,326,0,283,81,0,12,0,160,85,0	0,0,0,0,0,0,0,0,129,0	1,0,0,0,0,123,2,30,2,0	199	150
74	0,0,0,0,0,0,0,0,1,0,0,0,0	0,1,0,0,0,0,0,0,0,0,0,0,0	0,0,0,0,0,0,0,0,0,0	1,0,0,0,0,0,0,0,0,0	197	150
92	0,2,0,0,0,0,0,0,0,0,0,0,0	0,0,0,0,0,0,0,0,0,0,0,0,0	0,0,0,0,0,0,0,0,0,0	0,0,0,0,0,3,0,0,0,0	160	150
95	668,2436,1679,191,1126,3651,204,626,377,3727,11030,7131,4	0,2,0,0,0,0,0,0,0,0,0,5,0	1222,3299,0,320,2,1955,2777,269,822,411	0,0,0,0,0,0,0,0,0,0	2730	150
96	0,0,0,0,149,0,0,0,0,0,0,0,0	0,0,0,0,0,0,0,0,0,0,0,0,0	0,0,0,0,0,0,0,0,0,0	0,0,0,0,0,4,0,0,0,0	574	150
107	0,86,0,0,0,0,0,7,37,0,0,218,0	0,0,0,0,0,0,0,0,0,0,0,0,0	0,0,0,0,0,42,72,0,0,0	0,0,0,0,0,50,0,0,0,0	263	150
108	0,459,0,0,0,0,0,8,113,0,0,218,0	0,0,0,0,0,0,0,0,0,0,0,0,0	0,0,0,0,0,226,72,0,0,0	0,0,0,0,0,50,0,0,0,0	209	150
125	0,31,0,0,0,0,0,728,13,0,0,0,0	0,85,0,0,0,16,0,0,0,0,0,0,0	0,0,0,0,0,0,0,3,0,0	0,161,0,0,0,0,0,0,0,2	177	150
146	0,0,0,0,0,0,0,0,2,0,0,0,0	0,0,0,0,0,0,0,0,0,0,0,0,0	0,1,0,0,0,0,0,0,0,0	0,73,0,0,0,0,0,0,0,0	156	150
154	0,0,0,0,0,0,0,0,0,0,134,0,0	0,0,0,0,0,0,0,0,0,0,0,0,0	0,0,0,0,0,0,0,0,0,0	295,0,0,0,0,0,0,0,0,0	253	150
156	0,0,486,0,0,0,0,0,0,0,0,710,0	0,0,0,0,0,0,0,0,0,0,0,0,0	444,0,0,0,0,0,0,0,0,0	0,0,0,0,0,24,0,0,0,0	1371	150
180	0,17,0,0,0,0,0,0,0,0,0,333,0	0,0,0,0,0,0,0,0,0,0,0,202,0	0,0,0,0,0,12,0,0,0,0	0,0,0,0,0,0,0,0,0,0	304	150
186	0,58,0,0,0,0,0,0,0,0,145,0,0	0,52,0,0,0,0,0,67,0,0,232,122,0	0,0,0,0,0,0,0,0,0,1	0,17,0,0,0,0,43,0,0,0	159	150
189	0,58,0,0,0,55,0,142,28,2,479,0,0	0,0,0,0,0,0,0,0,0,0,0,0,0	0,0,0,0,0,67,0,0,241,0	0,0,0,0,0,0,0,88,0,0	310	150
197	0,72,0,0,0,1,0,12,13,0,2,0,0	0,14,0,0,0,0,0,0,0,0,0,0,0	326,0,0,0,0,36,51,0,1,0	0,0,0,0,0,0,0,0,0,0	576	150
206	0,25,2,0,7,59,0,57,0,0,431,1,880	131,371,368,751,197,310,101,0,161,24,1312,3261,69	0,9,0,3,0,60,177,0,201,0	6,273,0,0,30,678,1573,130,596,232	252	150
210	0,187,0,1,2,36,0,115,2,0,197,19,0	0,43,0,0,0,0,0,0,0,0,0,0,0	23,0,0,0,0,229,1,205,208,153	0,0,0,0,0,0,337,0,0,0	159	150
218	0,0,0,0,0,17,0,0,0,0,0,114,0	0,1,0,0,3,0,0,0,0,0,0,0,0	0,0,0,0,0,1,0,0,0,0	0,0,0,0,0,0,0,0,0,0	342	150
228	0,192,0,0,0,0,0,0,0,0,0,0,0	0,0,0,0,0,0,0,0,2,0,0,0,0	0,0,0,0,0,0,0,0,0,0	0,0,0,0,0,0,0,0,19,0	190	150
235	0,0,0,0,0,0,0,8,0,0,0,0,0	0,0,0,0,0,0,0,0,0,0,0,0,0	0,332,0,0,0,0,2,0,0,0	0,0,0,0,0,0,84,0,0,0	521	150
258	0,0,0,0,0,0,0,0,0,0,0,425,0	0,0,0,0,0,0,0,0,0,0,0,0,0	0,0,0,0,0,7,0,0,0,0	81,0,0,0,0,2,4,0,0,0	401	150
274	0,0,0,0,0,0,0,0,0,0,0,0,0	0,19,0,77,0,0,0,0,0,0,0,0,0	0,0,0,0,0,0,0,0,22,0	0,0,0,0,0,132,1,0,0,0	268	150
280	0,2,0,0,0,0,0,0,0,0,0,0,0	0,0,0,0,0,0,0,0,0,0,0,0,0	0,0,0,0,0,0,0,0,0,0	0,0,0,0,0,0,46,0,0,0	306	150
281	0,0,0,102,0,3,0,0,0,0,158,0,0	0,1,0,0,0,0,0,0,0,0,0,0,0	0,0,0,0,0,0,0,0,2,0	0,0,0,0,0,0,0,0,0,0	237	150
289	0,0,0,0,0,0,0,0,0,0,0,0,0	0,38,0,0,0,0,0,0,0,0,0,0,0	0,0,0,0,0,0,0,147,0,0	0,0,0,0,0,0,0,0,0,0	169	150
293	8,126,0,0,0,143,0,0,26,7,24,333,0	0,0,0,0,0,0,0,0,0,0,170,0,0	0,6,0,0,10,88,382,0,0,135	0,0,0,0,0,99,0,0,0,0	400	150
294	8,73,0,0,0,0,0,0,0,7,0,0,0	0,0,0,0,0,0,0,0,0,0,170,0,0	0,6,0,0,0,0,174,0,0,10	0,0,0,0,0,99,0,0,0,0	315	150
300	27,0,0,0,0,0,0,0,0,0,0,0,0	0,119,0,0,0,0,0,0,0,0,0,0,0	0,0,0,0,0,2,0,0,0,0	0,0,0,0,0,0,0,0,0,0	275	150
303	27,0,0,0,0,0,0,0,0,0,0,0,0	0,9,0,0,0,0,0,0,0,0,1,0,0	0,0,0,0,0,0,0,0,0,0	0,0,0,1,0,12,0,0,0,0	156	150
319	0,0,0,0,0,0,0,0,0,0,305,0,0	4,49,0,0,0,0,0,0,35,0,0,0,88	0,0,0,0,0,0,0,0,0,0	0,0,0,0,0,4,0,0,0,0	204	150
323	10,74,0,192,0,0,0,0,0,0,0,0,0	0,63,0,0,0,0,0,0,2,0,0,0,0	0,0,0,0,0,0,264,0,0,0	0,0,0,1,0,49,0,0,0,1	159	150
347	0,0,0,0,0,198,0,0,0,0,0,0,0	0,0,0,0,0,0,0,0,0,0,0,0,0	0,0,0,0,0,0,2,0,0,0	0,0,0,0,0,18,0,0,0,0	205	150
385	0,0,0,0,0,66,0,0,36,0,0,0,0	25,0,0,0,0,0,0,0,0,0,0,0,0	0,0,0,0,0,0,0,0,0,0	0,0,0,0,0,0,67,0,0,0	159	150
399	75,109,1,0,0,0,0,0,0,2,0,100,0	0,42,0,0,0,87,0,0,0,0,54,0,0	0,0,0,0,0,1,0,0,0,0	0,0,0,0,0,0,0,0,0,0	611	150
403	0,0,0,0,0,0,0,0,0,0,0,0,0	0,59,0,0,0,1,0,0,0,0,0,0,0	0,0,0,0,0,0,0,228,0,0	0,0,0,0,0,0,0,0,0,0	976	150
417	0,103,0,0,0,0,0,10,0,0,0,0,0	0,0,0,0,0,6,0,0,0,0,0,0,0	0,0,0,0,0,0,0,0,2,0	0,0,0,0,0,0,0,0,0,0	163	150
419	0,0,0,0,0,0,0,0,0,0,0,0,0	0,0,0,25,0,0,0,0,0,0,0,0,0	0,0,0,0,0,0,1,0,0,0	132,0,0,0,0,4,0,0,0,0	173	150
425	30,11,0,0,0,0,0,0,10,0,0,0,0	0,0,0,0,1,24,0,0,0,0,0,0,0	0,0,0,0,0,27,0,0,0,0	0,0,0,0,0,0,70,0,0,0	191	150
427	163,68,0,0,0,0,0,0,0,0,0,0,0	0,0,0,0,0,0,0,0,2,79,0,0,0	0,0,0,0,0,0,0,0,0,0	2,0,0,0,0,0,12,1,0,0	286	150
439	0,64,0,0,0,1,0,0,0,0,0,0,0	0,66,270,0,0,11,52,0,5,0,149,77,0	48,2,0,0,0,0,0,101,0,0	0,90,0,0,0,9,262,2,0,0	381	150
447	6,1,0,0,0,167,0,0,18,0,0,0,0	0,37,0,0,0,0,0,0,0,0,0,0,0	3,0,0,0,3,34,244,0,0,0	0,0,0,0,0,0,0,0,0,0	165	150
449	8,86,0,0,0,11,0,0,12,0,59,0,0	0,0,0,0,0,0,0,0,10,0,16,0,0	0,0,0,0,0,111,87,0,147,0	2,0,0,0,0,1,0,0,133,0	925	150
455	0,0,0,0,0,0,0,0,0,0,264,183,0	0,10,61,241,0,0,0,0,24,0,0,0,0	0,9,0,0,0,65,41,0,0,0	134,0,0,0,0,2,1,0,0,0	154	150
461	8,71,0,0,0,0,0,0,0,0,0,0,0	47,0,0,0,0,0,0,0,3,0,0,176,0	0,0,0,0,0,0,0,0,0,0	0,0,0,0,0,26,10,46,0,0	594	150
466	0,0,0,0,0,0,0,0,1,0,0,0,0	0,0,0,0,0,0,0,0,0,0,0,0,0	0,0,0,0,0,0,0,0,0,0	0,0,0,0,0,1,0,0,102,0	320	150
495	0,0,0,0,0,0,0,0,0,0,0,0,0	0,114,0,0,0,0,0,0,0,0,0,0,0	0,0,0,0,0,82,0,0,0,0	0,0,0,0,0,16,5,0,0,0	386	150
503	0,46,0,78,2,9,0,6,0,0,12,0,0	0,0,0,0,0,0,0,0,22,0,0,0,0	0,0,0,0,0,65,3,0,0,0	0,0,0,0,0,3,0,0,0,0	200	150
504	45,23,0,0,0,13,0,0,0,0,0,0,0	0,2,0,0,0,0,0,0,0,0,0,0,0	0,54,0,0,0,0,91,0,0,0	0,0,0,0,0,0,0,0,0,0	151	150
506	112,411,1,1,14,548,8,0,32,2,694,2,0	0,0,0,0,0,146,0,0,9,0,2,0,0	294,500,0,748,0,139,170,1,322,27	0,297,0,0,0,0,0,1,0,0	1527	150
510	0,0,0,0,0,201,0,0,6,0,0,0,0	36,0,0,0,0,0,0,0,0,0,0,0,0	0,0,0,0,2,0,0,0,0,0	0,0,0,0,0,0,0,0,0,0	198	150
511	0,3,0,0,0,201,0,0,3,0,0,0,0	0,0,0,0,0,0,0,0,0,0,0,0,0	0,0,0,0,2,0,0,0,0,0	0,0,0,0,0,0,0,0,0,2	198	150
513	0,0,0,0,0,0,0,0,0,0,458,0,0	0,0,0,0,0,0,0,0,0,0,0,0,0	0,0,0,0,0,0,0,0,0,0	0,28,0,0,0,0,1,0,0,0	287	150
530	0,18,0,0,0,80,0,0,0,0,0,324,0	0,0,0,0,0,0,0,0,2,1054,0,0,0	0,0,0,133,0,0,166,0,169,2	0,0,0,0,0,37,0,0,0,0	169	150
544	0,144,11,0,0,127,0,0,4,0,12,288,0	0,0,0,0,0,4,0,0,0,0,13,0,0	0,1,0,0,0,0,280,0,0,0	0,0,0,0,0,0,414,0,0,0	610	150
562	0,70,0,0,0,0,0,0,0,0,0,0,0	0,87,0,0,0,0,0,0,0,0,0,0,0	0,0,0,0,0,0,0,41,100,0	0,0,0,0,0,39,0,0,0,0	644	150
564	0,0,0,0,0,0,0,0,0,0,79,0,0	0,113,0,0,0,0,0,77,0,0,0,0,0	0,0,0,0,0,0,0,0,0,0	0,1,0,0,0,0,0,0,0,0	161	150
570	0,0,0,0,0,0,0,0,30,0,0,0,0	0,63,0,0,0,0,1,0,0,0,315,1,0	0,0,0,0,0,0,0,1,0,0	12,0,0,0,0,32,146,157,519,83	408	150
582	0,0,0,18,0,0,0,0,0,0,0,0,0	0,0,0,0,0,0,0,0,0,0,0,0,0	0,0,0,194,0,81,0,0,0,0	0,0,0,0,0,0,0,0,0,144	213	150
587	0,0,372,28,0,0,0,0,0,0,0,0,0	0,0,0,0,0,0,0,0,27,0,0,0,0	0,0,0,0,0,0,0,0,428,0	0,0,0,0,0,0,0,0,0,0	320	150
588	0,0,0,0,0,0,0,0,0,0,0,375,0	9,0,0,0,0,227,0,0,0,0,0,0,0	0,0,0,0,0,0,0,0,0,0	0,0,0,0,2,0,0,0,0,0	153	150
597	2,56,1,0,0,0,0,173,0,0,0,0,0	0,22,0,0,0,0,0,0,0,0,0,0,0	0,14,0,0,0,51,0,0,1,0	0,0,0,0,0,0,0,0,0,0	544	150
603	0,0,0,0,0,0,0,0,0,0,0,0,0	0,101,0,0,259,66,0,0,20,0,0,332,0	0,0,0,0,118,0,88,0,0,0	0,0,0,0,42,70,636,0,184,62	234	150
609	0,103,0,0,0,392,1,0,0,0,0,0,0	0,34,0,0,0,0,0,0,5,0,0,0,0	366,29,0,0,0,3,296,0,0,4	0,0,0,0,0,65,0,0,0,0	201	150
614	112,503,18,508,0,635,0,1,73,5,191,577,65	24,0,0,0,0,0,0,0,0,0,0,0,0	449,443,0,0,21,335,382,4,146,258	0,0,0,0,0,0,47,0,0,0	216	150
616	0,0,0,22,0,0,0,0,0,0,0,432,0	0,0,0,0,0,0,0,0,0,0,0,1,0	1,391,0,0,0,43,419,0,129,0	0,0,0,0,0,0,0,0,0,0	271	150
625	0,0,0,0,0,0,0,0,0,0,0,6,0	0,131,0,0,0,0,0,0,0,0,0,1,0	0,0,0,0,0,0,0,0,0,0	0,0,0,318,0,6,11,0,0,0	573	150
633	0,0,0,9,1,0,0,421,0,0,0,0,0	0,0,0,0,0,0,0,0,0,0,0,0,0	3,0,0,0,0,21,41,0,0,0	0,0,0,0,0,0,0,133,0,0	153	150
637	0,46,0,0,0,0,0,0,19,0,0,308,0	0,0,0,0,0,0,0,0,0,0,0,0,0	0,185,0,0,0,7,0,0,0,0	0,0,0,0,0,0,0,0,220,0	309	150
650	0,0,0,0,0,0,0,0,0,0,0,0,0	2,0,0,0,0,0,0,0,0,0,0,0,0	0,0,0,0,0,0,0,1,0,0	0,0,0,0,0,0,0,0,0,0	229	150
652	0,0,0,0,0,0,0,0,0,0,0,0,0	0,0,0,0,123,0,0,0,0,0,0,0,0	0,0,0,0,0,0,0,4,0,0	0,0,0,0,0,0,0,127,0,0	163	150
665	0,316,0,0,124,86,0,0,2,0,470,14,0	0,26,0,0,0,0,0,0,0,0,0,0,0	0,0,0,0,0,6,40,53,1,0	0,0,0,0,0,0,0,0,0,0	324	150
682	79,83,0,0,0,0,0,0,0,0,0,0,1	18,0,0,0,178,33,0,0,0,0,349,0,0	0,0,0,0,0,0,0,0,0,391	1,0,0,0,0,89,0,0,0,0	1407	150
687	0,0,0,0,0,0,0,148,0,0,0,0,0	0,46,0,0,0,0,0,0,0,0,0,0,0	0,0,0,0,0,80,2,0,0,0	0,0,0,0,0,24,0,0,0,0	201	150
688	0,72,0,0,0,0,0,0,0,0,0,0,0	33,243,0,0,0,36,0,0,43,142,50,0,0	0,0,0,0,0,0,0,0,0,0	0,0,0,66,0,83,4,0,187,0	161	150
689	0,91,0,0,0,0,0,0,0,0,0,0,0	0,14,0,0,0,0,0,0,0,0,282,0,0	0,0,0,0,0,0,148,0,0,31	0,0,0,0,0,49,0,0,0,0	298	150
693	0,0,0,0,0,0,62,0,0,0,0,0,0	0,30,0,0,0,0,0,0,0,0,0,339,0	0,0,0,0,0,0,0,0,0,0	0,0,0,0,0,9,0,0,0,0	195	150
697	0,0,0,0,0,0,0,0,1,0,1,1,1	4,56,0,0,0,0,0,0,14,1,717,1,0	1,0,0,0,0,0,2,0,0,1	0,282,0,0,43,61,391,144,0,285	248	150
713	0,0,0,0,0,1,0,0,1,1,0,1,0	81,35,156,0,0,0,0,0,0,0,0,200,0	1,0,0,0,1,45,231,0,0,119	0,8,0,0,0,42,200,0,0,0	276	150
717	0,0,0,0,115,0,0,0,12,0,0,2,0	0,3,0,0,0,331,0,0,0,0,0,0,0	461,0,0,0,0,28,0,0,0,0	0,0,0,0,0,103,0,0,0,0	301	150
724	0,0,0,0,0,0,0,0,0,0,0,0,0	6,0,0,0,99,13,0,0,4,0,0,21,0	0,0,0,0,0,1,0,0,0,0	0,0,0,0,0,37,0,0,0,0	154	150
725	0,0,410,0,3,0,0,21,4,0,2,29,2	27,0,0,0,0,0,0,0,0,0,0,0,0	0,0,0,0,2,0,99,19,0,0	0,0,0,0,0,0,0,0,0,0	252	150
726	0,0,0,0,0,0,0,0,0,0,25,0,0	0,0,0,0,0,0,0,0,0,0,0,0,0	0,0,0,0,0,0,0,0,0,0	0,0,0,0,0,5,169,0,0,0	369	150
727	0,0,0,159,0,0,0,0,0,0,0,0,0	0,28,0,0,0,2,0,0,0,0,687,0,0	0,0,0,0,0,0,99,0,0,0	0,69,0,0,0,65,173,1,0,0	175	150
742	0,0,0,0,0,0,0,8,0,0,0,0,0	0,0,0,0,0,0,0,0,0,0,0,0,0	0,0,0,0,0,0,0,0,0,0	0,0,0,0,0,2,0,0,44,0	198	150
747	0,29,0,0,0,266,0,0,22,2,532,0,0	0,13,0,0,0,0,0,0,0,0,0,0,0	0,0,0,0,0,13,117,5,101,0	0,0,0,0,0,0,0,0,0,0	168	150
753	0,0,440,0,0,0,0,0,0,0,0,1,0	49,153,4,95,0,407,0,1,13,8,40,1,0	0,0,0,0,0,0,0,0,0,0	4,393,0,0,4,376,35,161,252,0	276	150
754	57,326,18,0,1,369,0,166,99,0,217,3,0	0,0,0,0,0,0,0,0,0,0,0,0,0	150,0,0,1,0,31,429,80,181,0	0,0,0,0,0,0,23,0,0,0	152	150
757	0,29,0,0,0,0,0,0,0,0,0,0,0	0,0,2,0,0,0,0,0,0,0,0,0,0	0,0,0,0,0,11,0,0,0,116	0,0,0,0,0,0,0,136,0,19	196	150
782	0,106,0,0,0,0,0,0,0,0,0,0,0	0,0,0,0,0,0,0,0,0,0,59,0,0	0,0,0,0,0,47,465,0,1,0	0,0,0,0,0,0,0,0,0,0	159	150
786	0,45,0,0,0,0,0,0,0,0,0,323,0	0,0,0,0,0,0,0,1,0,0,0,0,0	0,0,0,0,0,0,0,29,0,36	0,0,0,0,0,0,52,0,0,0	183	150
788	0,0,0,0,0,41,0,0,0,0,0,0,0	0,0,0,0,0,98,0,0,0,0,0,0,0	0,0,0,0,0,0,0,0,0,0	0,0,0,0,0,0,223,0,0,0	183	150
799	0,292,0,0,0,0,0,2,0,0,0,0,0	0,0,0,0,0,0,0,0,0,0,0,0,0	0,112,0,0,0,0,102,0,83,0	0,0,0,0,1,0,0,0,0,0	159	150
802	0,0,0,0,0,0,0,0,0,0,0,0,0	0,0,408,0,0,0,0,0,0,0,0,0,0	0,558,0,0,0,0,0,5,0,0	0,0,0,0,0,0,0,0,0,0	181	150
811	0,0,0,0,0,0,0,0,1,0,0,0,0	0,57,0,0,0,0,0,0,0,0,0,0,0	326,0,0,0,0,0,0,0,0,0	0,0,0,0,0,0,0,0,0,0	172	150
816	0,0,0,0,0,0,0,0,34,1,6,0,0	0,0,0,0,0,0,0,0,0,0,0,128,0	0,0,0,0,0,3,33,0,260,100	52,0,0,0,18,0,13,0,0,0	162	150
837	0,0,0,0,0,0,0,15,0,0,0,0,0	0,0,0,0,0,0,0,0,0,0,0,0,0	0,0,0,0,0,0,0,0,0,0	0,0,0,0,0,0,0,0,17,0	154	150
850	0,3,193,0,0,148,0,0,0,0,0,1,0	0,0,0,0,0,0,0,0,0,0,1,0,0	20,0,0,0,0,0,0,0,16,0	0,0,0,0,0,0,0,0,0,49	225	150
860	0,0,0,0,0,0,0,0,0,0,0,131,0	0,0,0,0,0,0,0,0,9,0,0,0,0	0,0,0,0,0,0,0,0,0,0	0,0,0,0,0,0,0,11,0,0	315	150
870	24,277,0,0,0,0,0,0,14,0,0,0,0	9,0,0,0,20,0,0,0,0,0,96,0,0	199,0,0,0,0,48,0,0,1,0	0,212,0,0,0,0,6,0,0,0	165	150
882	0,0,0,19,0,0,0,0,14,0,0,0,0	0,0,0,0,0,0,0,0,0,0,0,0,0	0,0,0,0,0,1,0,0,0,2	0,0,0,0,0,0,0,0,123,0	348	150
883	0,0,0,0,0,0,0,0,0,0,0,0,0	0,0,0,0,0,0,0,0,0,1,0,0,0	0,0,0,0,0,2,0,0,0,0	0,0,0,0,0,0,0,0,0,0	160	150
891	0,71,0,0,0,15,0,0,5,0,0,0,0	0,150,0,0,0,170,0,0,8,0,1,1,0	0,126,0,0,0,74,0,0,81,0	0,0,0,0,0,0,0,0,0,0	159	150
902	0,2,0,0,0,45,0,0,23,0,0,0,0	0,55,0,0,207,0,0,0,0,0,0,0,0	0,0,0,0,0,32,0,0,0,0	0,0,0,1,1,0,318,0,0,0	171	150
908	0,0,0,0,0,0,0,0,13,0,0,0,0	0,0,0,0,0,0,0,0,0,0,0,0,0	0,219,0,0,0,7,0,0,0,17	0,1,0,0,0,0,0,0,0,0	151	150
910	0,32,0,0,0,0,0,0,0,0,0,0,0	0,12,0,3,0,0,0,0,0,0,0,0,0	0,0,0,0,0,0,0,0,0,0	124,0,0,0,0,22,308,0,0,0	722	150
913	0,0,0,0,0,0,0,0,0,0,0,0,1	0,0,0,0,0,0,0,0,0,0,0,0,0	0,0,0,0,0,0,0,0,0,0	0,0,0,0,0,0,0,0,36,0	315	150
934	0,0,0,0,0,1,0,0,0,0,0,0,0	0,0,0,0,0,0,0,0,0,0,0,0,0	0,0,0,0,0,0,0,0,0,0	0,1,0,0,0,0,0,0,0,0	183	150
937	0,0,0,0,0,0,0,0,0,0,0,8,0	0,0,0,0,0,0,0,0,0,0,0,204,0	69,0,0,0,0,0,0,0,0,4	0,0,0,0,0,0,0,0,0,0	198	150
944	2,131,0,1,0,0,0,0,28,0,0,0,0	9,0,0,0,0,0,0,0,0,0,0,0,0	1,0,0,0,0,0,149,1,0,0	0,0,0,0,0,0,0,0,0,0	210	150
947	0,0,0,0,0,0,1,0,0,0,0,0,1	39,102,0,0,0,0,0,0,1,0,7,0,0	0,0,0,0,0,16,0,0,0,0	0,0,0,0,0,29,247,0,0,183	221	150
979	0,46,0,0,0,0,0,1,0,0,0,1,1	0,0,0,0,0,0,0,0,0,0,0,0,0	0,0,0,0,0,0,0,0,0,0	0,0,0,0,0,2,0,0,0,0	190	150
981	0,1,0,0,0,0,0,0,0,0,0,0,0	0,3,0,0,0,0,0,0,0,0,0,0,0	0,0,0,0,0,0,0,0,0,0	0,0,0,0,0,0,0,0,11,0	189	150
982	0,0,0,0,0,0,0,0,0,0,0,0,0	115,1269,734,629,655,479,1,1404,240,83,3132,1742,0	0,0,0,0,0,59,0,0,0,0	1214,631,0,514,102,369,1455,343,600,0	154	150
997	0,0,0,0,0,0,0,0,34,0,0,0,0	0,0,0,0,0,0,0,0,0,0,0,0,0	0,0,0,0,0,0,0,0,0,0	0,0,0,0,0,0,10,0,2,0	264	150
1006	0,93,182,0,0,0,0,0,0,0,0,0,0	0,0,0,0,0,0,0,0,0,0,0,0,0	132,0,0,0,0,0,0,0,0,86	0,0,0,0,0,0,1,0,3,0	1049	150
1012	0,0,0,0,0,1,0,0,0,0,0,0,0	0,53,1,0,0,0,0,0,0,0,0,0,0	0,0,0,0,0,0,0,0,0,0	0,0,0,0,0,0,0,0,96,0	375	150
1028	0,0,0,0,0,0,0,0,0,0,0,0,0	0,0,0,0,0,0,0,0,33,0,0,0,0	0,0,0,0,0,28,0,0,0,0	47,0,0,0,0,0,51,0,190,0	156	150
1029	14,26,0,0,0,0,0,0,41,0,0,0,0	70,0,0,0,0,0,0,0,0,0,0,0,0	0,0,0,0,0,0,136,0,0,0	0,0,0,0,0,0,0,0,0,0	180	150
1036	0,0,0,0,0,0,0,0,0,0,0,0,0	6,167,0,0,37,1,0,0,9,0,299,1,0	87,0,0,0,0,0,0,0,0,0	0,355,0,0,0,168,282,76,0,173	183	150
1041	1,0,0,0,0,0,0,0,0,0,0,0,0	35,4,3,0,0,8,1,0,0,0,150,6,0	0,0,0,0,0,0,0,0,0,0	0,0,0,0,0,54,2,8,21,0	180	150
1049	56,23,0,0,82,497,2,1,0,344,293,4,0	0,1,0,0,0,0,0,0,1,0,309,0,0	0,45,0,106,4,145,264,128,0,0	0,0,0,0,0,2,0,0,0,0	255	150
1050	0,98,0,0,0,234,0,0,14,0,207,0,0	0,0,0,0,0,0,0,0,0,0,0,95,0	35,0,0,0,0,0,2,1,15,0	0,0,0,0,0,0,0,0,0,0	258	150
1051	0,0,0,0,0,100,0,0,0,0,0,0,0	0,0,0,0,0,0,0,0,24,0,0,0,0	0,0,0,0,0,0,293,0,0,0	0,0,0,0,0,0,0,2,0,0	382	150
1069	0,9,0,0,0,0,0,0,0,0,0,0,0	0,4,412,0,0,0,0,0,20,0,0,0,0	0,0,0,0,0,0,0,0,0,0	0,0,0,0,0,4,0,0,0,0	225	150
1079	113,0,0,0,0,0,0,147,1,0,0,0,0	3,0,0,0,0,0,0,0,0,0,0,0,0	0,0,0,0,0,0,0,0,0,50	0,0,0,0,0,0,0,0,0,0	588	150
1082	0,0,0,0,0,0,0,0,0,0,0,0,0	3,0,0,0,0,0,0,0,0,0,0,0,0	0,0,0,0,0,0,0,0,0,50	0,0,0,0,0,0,0,0,0,0	206	150
1087	0,68,0,0,0,0,0,0,0,0,368,0,0	0,0,0,0,0,0,0,0,0,0,0,0,0	0,0,0,0,0,0,43,0,1,0	0,0,0,0,0,0,128,0,0,0	623	150
1089	0,2,0,0,0,0,0,0,0,0,0,1,0	0,0,0,0,0,0,0,1,24,0,0,0,586	0,595,0,0,0,0,24,0,0,0	0,0,0,0,0,21,61,0,0,0	162	150
1091	0,0,0,0,0,0,0,0,0,0,18,0,0	0,0,0,0,0,0,0,0,0,0,0,0,0	0,0,0,0,0,0,0,0,0,0	0,0,0,0,0,0,1,0,0,0	216	150
1103	34,149,0,0,0,0,0,0,0,0,2,217,0	0,13,0,320,0,0,0,40,0,0,0,0,0	0,0,0,0,0,5,161,0,0,0	0,0,0,0,0,0,86,0,0,0	156	150
1114	0,163,0,0,0,0,0,0,0,1,1,0,0	0,112,0,0,0,0,0,0,0,0,0,0,0	0,0,0,0,0,0,0,5,2,0	0,0,0,0,0,0,0,0,46,0	532	150
1121	0,78,0,0,0,25,0,0,7,0,1,0,0	0,139,27,0,0,0,0,0,0,0,0,0,0	0,0,0,0,0,37,0,0,0,0	0,0,0,0,0,2,0,0,2,0	219	150
1128	66,1,0,0,0,0,0,151,19,2,0,0,0	0,26,0,0,0,0,0,0,0,0,0,0,0	0,0,0,0,0,2,4,0,220,0	0,0,0,0,0,0,0,0,0,0	342	150
1185	0,76,136,0,0,0,0,0,0,15,0,0,0	0,0,0,0,0,0,0,0,0,0,0,0,0	43,1,0,1,0,2,0,0,0,37	0,0,0,0,0,0,149,0,0,6	495	150
1188	105,0,0,0,0,0,0,0,0,0,0,0,0	0,0,0,0,0,0,0,0,0,0,0,0,0	0,0,0,0,0,0,0,0,67,0	0,0,0,0,0,28,0,0,0,0	174	150
1200	14,0,0,0,0,0,0,0,12,0,0,0,1	40,1,0,0,0,0,0,0,0,0,0,0,0	0,0,0,0,208,0,24,0,0,0	0,0,0,0,0,27,116,0,0,0	763	150
1201	0,11,0,0,0,6,0,240,25,0,0,11,0	0,0,0,0,0,0,0,0,0,0,103,0,0	0,0,0,0,0,104,330,0,0,40	0,0,0,0,0,0,0,0,0,0	156	150
1232	0,0,1,0,0,0,0,0,0,0,0,0,0	0,0,0,0,0,1,0,0,0,0,0,0,0	109,0,0,0,0,0,9,0,0,0	0,0,0,0,0,0,0,2,0,0	390	150
1236	0,153,11,0,0,0,0,0,0,0,324,0,0	1,52,0,0,0,0,0,0,0,0,0,0,0	0,0,0,1,0,7,121,0,0,1	0,0,0,0,0,0,0,0,0,0	237	150
1240	0,0,0,0,0,0,0,0,0,0,0,0,0	0,0,0,0,0,0,0,0,42,0,0,0,0	9,95,0,0,0,26,0,0,0,0	0,0,0,0,0,0,0,0,0,0	244	150
1265	0,56,0,0,0,0,0,0,0,0,0,0,0	0,350,0,312,0,285,0,0,7,215,1443,1,0	0,0,0,0,0,0,0,0,0,0	63,12,0,0,0,161,804,6,130,0	260	150
1274	0,0,0,0,0,0,0,0,53,0,199,11,0	0,82,0,0,0,0,0,0,0,0,0,1,0	0,1,0,0,0,0,0,0,0,0	0,0,0,0,5,0,0,2,0,0	182	150
1326	0,47,0,259,0,86,0,0,8,0,266,0,0	0,0,0,0,0,62,0,0,0,0,0,0,0	1,0,0,0,0,1,0,46,0,41	0,0,0,0,0,0,0,0,0,0	255	150
1330	0,0,0,0,0,42,0,0,0,0,3,0,0	0,0,0,0,0,0,0,0,0,0,0,0,0	0,0,0,0,0,50,0,0,1,14	0,0,0,1,0,0,0,0,0,0	151	150
1331	0,0,0,0,0,0,0,0,14,0,2,0,0	0,0,0,0,0,0,0,0,0,0,0,0,0	0,0,0,0,0,0,1,0,0,0	0,0,0,0,0,0,102,0,0,0	151	150
1335	0,0,0,0,0,0,0,0,0,0,8,0,0	0,1,0,0,0,0,0,0,0,0,0,0,0	0,0,0,0,0,0,0,0,7,0	0,0,0,0,0,0,0,0,17,0	283	150
1341	1,78,0,363,0,0,0,0,0,0,0,0,0	0,0,6,0,0,0,0,0,0,0,0,0,0	92,0,0,0,0,28,13,0,0,0	0,0,0,0,0,0,0,0,0,0	186	150
1361	0,0,0,79,0,0,0,0,0,0,0,0,0	0,0,0,0,0,0,0,0,0,0,0,0,0	0,0,0,0,0,0,0,0,0,0	0,0,0,0,0,0,2,0,16,0	177	150
1369	0,0,0,0,0,0,0,0,0,0,0,0,0	0,0,0,0,0,0,0,283,19,0,0,0,0	0,0,0,0,0,0,2,0,0,0	0,0,0,0,0,0,0,0,0,0	363	150
1375	0,0,0,0,0,2,0,0,1,0,0,0,0	0,203,0,0,0,0,0,0,0,0,0,19,0	0,0,0,0,0,0,0,0,0,0	0,0,0,0,0,101,2,0,0,0	248	150
1381	0,2,0,190,114,194,0,0,0,0,1,194,0	0,0,0,0,0,0,0,0,0,0,0,0,0	0,0,0,0,0,0,13,0,0,15	0,0,0,0,0,1,0,0,0,0	283	150
1387	0,16,286,0,0,0,2,0,0,0,293,0,0	0,110,0,0,0,0,0,0,0,0,0,0,0	0,0,0,0,0,0,0,0,0,0	0,0,0,0,0,0,0,6,0,0	327	150
1389	0,6,0,0,0,6,0,0,0,0,0,228,0	0,0,0,0,0,8,0,0,0,0,0,0,0	0,0,0,0,0,0,53,1,0,0	0,0,0,0,0,0,0,0,16,0	680	150
1397	0,0,0,0,0,0,0,0,0,0,33,0,0	0,0,0,0,0,0,0,0,0,0,0,0,0	0,0,0,0,42,54,0,0,0,0	0,0,0,0,0,0,0,0,0,19	171	150
1399	0,0,0,0,0,0,0,0,0,0,0,0,0	0,106,0,0,0,0,0,18,0,0,0,0,0	7,0,0,0,0,0,0,0,0,0	0,0,0,0,0,191,8,0,0,0	157	150
1402	0,0,0,0,0,0,0,0,0,0,0,0,0	22,0,0,0,0,0,0,0,0,0,483,0,11	0,0,0,0,0,15,0,0,0,0	0,0,0,0,0,132,0,0,0,0	181	150
1406	0,0,0,0,0,0,0,0,0,0,0,0,0	0,0,0,0,0,0,75,0,13,0,0,0,0	0,0,0,0,0,0,24,0,0,73	0,37,0,0,0,0,0,0,0,0	162	150
1420	0,0,0,0,0,0,0,0,20,0,0,0,0	0,0,0,23,0,0,0,0,0,0,224,0,0	204,21,0,0,0,0,0,0,56,0	0,0,0,0,0,0,0,0,0,0	156	150
1423	0,0,0,0,0,0,0,0,4,0,1,0,0	0,2,0,0,0,2,0,0,0,0,0,0,0	0,141,0,0,0,0,0,0,0,0	0,0,0,0,0,40,101,0,0,0	687	150
1432	0,123,291,0,0,225,0,1,0,0,0,0,0	0,0,0,0,0,29,0,0,0,0,0,0,0	1,0,0,0,0,0,93,0,1,0	0,0,0,0,0,0,0,0,0,0	193	150
1434	0,71,0,0,0,184,0,0,0,0,0,0,0	0,205,0,0,0,0,0,0,53,0,0,0,0	0,0,0,0,0,0,0,0,0,0	0,1,0,0,0,0,0,0,0,0	290	150
1441	0,108,0,0,0,0,0,0,0,0,0,0,0	0,0,0,0,0,0,0,0,23,0,0,0,0	0,0,0,0,0,0,0,0,0,89	0,0,0,0,0,0,0,0,0,0	373	150
1442	66,0,0,0,0,0,0,43,17,0,0,0,0	0,20,0,0,0,0,0,0,0,0,107,0,0	0,0,0,0,0,36,0,45,0,1	737,0,0,0,0,6,141,0,0,11	339	150
1445	0,117,0,0,101,0,0,0,0,0,0,0,0	0,5,0,0,0,0,0,0,0,0,0,0,0	0,33,0,0,0,52,0,1,0,0	0,0,0,0,0,0,0,0,0,0	183	150
1446	0,40,0,0,0,0,0,0,0,500,0,0,0	5,0,0,0,0,140,0,0,0,0,0,0,0	0,17,0,0,0,0,0,0,0,0	0,0,0,0,0,26,0,0,0,25	191	150
1457	1,481,2,1,0,781,0,138,15,2,315,792,651	0,0,0,0,0,0,0,0,0,0,0,0,0	14,98,0,0,0,167,259,157,395,0	0,0,0,0,0,0,0,0,595,0	4014	150
1458	0,83,0,0,0,0,0,0,0,0,0,0,0	0,0,0,0,0,0,0,0,0,0,0,0,0	0,0,0,0,0,0,14,0,0,0	0,0,0,0,0,3,0,0,0,0	301	150
1465	0,30,0,0,0,0,0,0,0,0,0,0,0	0,0,0,0,0,0,0,0,0,0,0,0,1	233,0,0,0,0,0,0,0,4,0	0,48,0,0,0,0,0,0,0,0	171	150
1473	0,0,0,0,0,0,0,0,0,0,0,0,0	0,26,0,13,0,42,0,2,39,0,0,0,0	273,0,0,0,0,0,23,0,0,0	161,0,0,0,1,3,81,1,0,0	179	150
1482	1,10,0,0,0,0,0,0,0,0,9,0,0	0,0,0,0,0,0,0,0,0,0,253,0,0	443,0,0,0,0,0,0,0,0,0	0,0,0,0,0,0,0,0,0,0	209	150
1495	13,20,0,0,0,0,0,2,0,0,0,0,0	0,0,0,0,0,1,0,0,0,0,0,0,0	8,0,0,0,0,0,6,0,0,0	0,0,0,0,0,0,0,0,0,0	602	150
1499	0,0,0,0,0,0,0,0,0,0,0,0,0	0,13,0,0,0,0,0,0,0,0,0,0,0	0,0,0,0,0,0,52,0,0,0	0,0,0,0,0,0,0,0,0,0	297	150
1534	0,0,0,0,0,0,0,0,0,0,234,0,0	0,0,0,0,0,0,0,0,0,0,0,0,0	0,0,0,0,0,0,0,0,0,0	124,0,0,0,0,57,40,116,0,0	315	150
1537	0,0,0,0,0,0,0,0,0,0,0,0,0	0,0,0,0,0,0,0,0,15,0,0,0,0	440,0,0,0,0,0,0,0,0,0	0,0,0,0,0,0,0,0,13,0	238	150
1568	0,0,0,0,0,0,0,0,0,0,0,85,0	0,0,0,0,0,0,0,0,0,0,1,0,0	0,0,0,232,0,0,0,0,0,0	0,0,0,0,0,0,0,0,0,0	162	150
1570	0,0,0,0,0,0,0,0,0,25,265,0,0	0,20,0,0,0,120,0,0,0,0,0,0,0	0,0,0,0,0,0,0,0,0,0	0,0,0,0,0,0,0,0,270,0	221	150
1601	8,228,0,153,0,31,0,0,12,0,0,0,25	0,0,0,0,0,0,0,0,39,0,12,0,0	13,25,0,0,5,0,0,14,44,17	0,156,0,0,0,41,0,0,0,0	1750	150
1613	13,71,1,0,0,0,0,0,19,0,560,0,0	0,0,0,0,0,0,0,0,17,0,0,0,0	0,63,0,0,5,231,0,98,0,0	0,0,0,0,0,0,0,0,0,0	1235	150
1622	0,0,0,0,0,0,0,0,0,0,0,0,0	0,0,0,0,0,35,0,0,0,0,0,0,0	0,0,0,0,0,0,4,0,0,0	0,0,0,0,0,0,0,0,0,0	199	150
1626	2,0,0,0,0,0,0,0,0,0,0,0,0	0,76,1,0,0,3,0,0,0,0,0,0,0	0,0,0,0,0,0,0,0,0,0	4,0,0,0,0,32,148,0,85,0	189	150
1629	0,0,0,0,0,0,0,0,0,0,0,0,0	0,0,0,0,0,20,0,0,0,0,0,0,0	0,0,0,26,0,0,0,0,0,0	0,0,0,0,0,0,0,0,0,0	156	150
1631	163,0,0,0,0,225,0,0,18,0,0,0,0	9,0,0,0,0,0,0,0,0,0,0,0,0	0,0,0,2,0,0,0,0,0,0	0,0,0,0,0,0,0,0,0,0	933	150
1675	0,0,0,0,0,0,0,0,10,0,0,0,0	0,90,0,204,0,0,0,0,7,0,3,0,0	0,0,0,0,0,58,0,0,0,0	0,0,0,0,0,0,0,0,29,11	267	150
1686	0,1,0,0,0,0,0,0,0,0,0,0,0	1,525,301,0,0,9,1,272,88,2,670,14,308	1,0,0,0,0,0,0,0,0,0	0,0,0,127,1,103,100,1,0,0	204	150
1690	0,35,0,0,0,0,0,0,0,0,0,0,0	0,60,0,435,0,0,0,0,0,0,0,0,0	0,0,0,0,18,0,0,0,0,0	244,0,0,0,0,0,0,0,178,160	156	150
1694	0,46,0,0,0,416,0,2,8,0,2,0,0	0,0,0,0,0,0,0,0,0,0,0,0,0	0,6,0,0,0,59,140,157,53,0	0,0,0,0,0,0,6,0,0,0	200	150
1700	0,170,0,0,1,143,0,5,24,0,0,0,0	0,155,0,0,0,0,0,0,0,0,0,209,0	83,0,0,0,0,0,4,0,0,0	0,0,0,0,0,0,0,0,0,0	279	150
1701	65,0,0,0,0,0,0,0,0,0,0,0,0	32,177,1,0,0,0,0,1,10,0,365,1,0	0,0,0,0,0,0,0,0,0,0	68,47,0,0,0,0,0,0,291,0	159	150
1702	65,0,0,0,0,0,0,0,0,0,0,0,0	32,177,1,0,0,0,0,1,10,0,365,1,0	0,0,0,0,0,15,0,0,0,0	68,47,0,0,0,0,0,0,291,0	162	150
1713	11,0,0,0,0,90,0,0,0,0,0,0,0	1,0,0,0,0,10,0,0,6,0,15,0,0	0,0,0,0,0,0,6,12,79,0	190,1,0,0,1,52,377,1,0,0	267	150
1721	0,0,0,0,0,0,0,0,0,0,0,0,0	0,1,0,0,0,0,0,0,0,0,0,0,0	0,0,0,0,0,0,56,0,0,0	0,0,0,0,0,0,0,0,46,0	193	150
1723	0,0,0,0,0,0,0,16,0,0,0,0,0	0,83,0,0,0,41,0,0,0,0,0,0,0	0,0,0,0,0,0,0,0,0,0	0,0,0,0,0,0,234,1,0,0	266	150
1728	0,0,0,0,0,0,0,0,0,0,0,0,0	0,0,0,0,0,0,0,0,0,0,176,0,0	0,0,0,0,0,17,0,0,1,0	0,0,0,0,0,0,61,0,0,0	446	150
1756	0,0,0,0,6,0,0,86,0,0,0,0,0	0,63,0,0,0,0,0,0,2,0,8,0,0	0,0,0,0,0,40,0,0,0,0	0,0,0,0,5,49,87,1,0,0	477	150
1762	0,0,0,0,0,0,0,0,0,0,0,280,0	140,44,0,0,0,0,0,0,0,0,0,0,0	0,0,0,0,0,0,0,54,0,0	0,0,0,0,0,0,0,12,0,0	177	150
1792	0,18,0,0,0,0,0,0,0,0,0,0,0	0,22,0,0,0,0,0,0,0,0,0,313,0	0,0,0,0,0,0,0,0,0,0	0,0,0,0,0,0,0,43,0,0	241	150
1812	0,0,0,0,0,0,0,0,0,0,0,0,0	0,12,0,0,0,0,0,0,0,0,0,0,0	0,0,0,0,0,37,0,0,0,0	0,0,0,0,0,0,0,0,0,0	186	150
1822	0,0,0,0,0,0,0,0,26,0,0,0,0	0,0,0,0,0,0,0,0,0,0,0,0,0	279,0,0,0,0,0,0,1,0,0	0,47,0,0,0,0,0,0,0,0	452	150
1853	0,10,0,0,0,0,0,0,0,0,0,0,0	0,17,1,1,0,31,0,1,0,1,2,0,0	0,0,0,0,0,0,0,0,0,0	109,0,0,0,18,0,0,8,0,0	232	150
1861	0,0,223,0,0,0,0,0,0,0,0,1,0	0,4,0,0,0,0,0,0,0,0,0,2,0	0,0,0,0,0,2,0,0,0,0	0,0,0,0,0,0,0,0,24,0	265	150
1862	5,154,0,0,0,1,0,228,68,0,0,202,322	0,99,4,0,0,0,0,0,0,0,0,0,0	0,106,0,0,0,124,553,25,166,0	0,0,0,0,0,88,7,0,0,0	195	150
1864	97,0,0,0,0,0,0,0,0,0,0,0,0	4,16,0,0,0,0,0,0,11,0,1,0,0	0,0,0,0,0,0,0,0,0,0	0,0,0,0,0,6,0,3,0,0	284	150
1867	0,41,0,0,0,0,0,0,0,0,0,0,0	0,57,0,0,0,0,0,0,0,0,0,217,0	0,0,0,0,0,0,0,0,0,0	0,0,0,0,0,9,0,0,0,0	228	150
1886	0,1,0,0,0,0,0,0,0,0,0,0,0	0,100,0,0,0,0,0,0,0,0,0,0,0	0,0,0,0,0,0,0,0,0,0	0,0,0,0,0,144,193,68,0,0	185	150
1894	0,0,0,0,0,0,0,0,29,0,0,0,0	0,0,0,0,0,0,0,1,0,0,0,0,0	178,0,0,0,0,0,4,0,0,0	0,0,0,0,0,0,0,0,0,0	310	150
1900	0,82,0,177,0,0,81,0,0,0,0,0,0	0,0,0,0,0,0,0,0,0,0,0,0,0	0,0,0,0,0,19,0,1,0,0	0,0,0,0,0,0,16,1,0,0	198	150
1901	0,0,0,177,0,0,0,0,0,0,0,0,0	0,0,0,0,0,0,0,0,0,0,0,0,0	0,0,0,0,0,0,0,0,0,0	0,0,0,0,0,0,25,0,0,0	198	150
1907	3,0,0,0,0,0,0,0,0,396,0,0,0	0,112,0,0,0,0,0,0,14,0,0,0,0	0,0,0,0,1,0,0,0,0,1	0,0,0,0,0,0,87,0,0,0	260	150
1908	177,0,0,0,0,0,0,551,83,643,647,0,0	0,0,0,0,0,0,0,0,0,0,0,0,0	0,0,0,0,0,24,0,41,0,49	0,0,0,0,0,4,0,5,0,0	3419	150
1924	0,2,0,0,0,0,0,0,10,0,0,131,0	0,89,0,0,0,0,0,0,0,0,0,0,0	0,1,0,0,0,20,203,0,1,156	0,0,0,0,0,0,0,0,0,0	162	150
1930	0,0,0,0,208,0,0,0,0,0,0,0,0	0,46,0,0,0,0,0,0,0,0,0,0,0	0,0,0,0,0,0,0,0,0,0	0,0,0,0,0,3,0,0,0,0	198	150
1936	7,0,0,0,0,0,32,0,0,1,277,495,0	0,0,0,12,0,0,53,0,0,0,0,30,0	0,37,0,0,22,3,63,0,0,116	0,170,0,0,0,52,156,0,0,129	345	150
1937	223,469,0,1,3,116,439,658,168,128,1233,2022,1	0,0,0,0,0,0,0,242,0,0,1,0,0	0,193,0,761,49,486,2625,16,94,1907	0,0,0,0,0,0,0,0,0,0	232	150
1944	0,0,0,0,0,0,0,0,0,0,0,5,0	0,63,0,0,0,0,0,0,0,19,2,0,0	0,0,0,0,0,0,0,0,0,0	0,0,0,0,0,0,0,0,9,0	248	150
1947	0,0,0,0,0,0,0,0,0,0,0,0,0	0,10,0,0,0,0,0,0,20,0,130,0,0	0,0,0,0,0,5,0,0,0,0	0,0,0,0,0,0,0,0,0,0	176	150
1975	109,128,0,2,0,106,0,160,9,0,908,267,1	0,4,0,0,0,0,0,0,0,0,0,1,0	361,0,0,0,0,132,3,35,78,30	0,0,0,0,0,0,0,0,0,0	2838	150
1977	0,0,0,0,0,0,0,0,0,0,0,0,0	0,0,0,0,0,0,0,4,0,0,0,0,0	0,0,0,0,0,0,0,0,1,0	0,0,0,0,0,0,0,0,0,0	595	150
1984	0,162,0,0,0,0,0,0,0,0,1,0,0	0,0,0,479,0,0,0,0,0,0,0,0,0	0,0,0,0,0,54,98,27,0,0	0,0,0,0,0,0,0,0,0,0	210	150
1999	0,0,0,0,0,31,1,63,0,0,0,0,1	0,77,0,0,0,0,0,0,1,0,0,0,0	0,0,0,0,1,0,0,0,0,0	0,0,0,0,0,0,4,0,0,0	219	150
2006	0,2,0,0,0,0,0,0,0,0,0,0,0	0,0,0,0,0,0,0,0,0,1,0,0,0	0,0,0,0,0,0,0,0,0,0	0,0,0,0,0,0,36,0,0,0	227	150
2011	0,0,0,0,59,0,0,0,0,0,0,0,0	0,4,0,0,0,0,0,0,0,0,0,2,0	0,0,0,0,0,0,0,0,0,0	0,0,0,0,0,0,35,0,0,0	190	150
2013	0,0,0,0,0,0,0,0,0,0,0,0,0	0,1,0,0,0,1,0,0,0,2,0,264,0	0,7,0,0,0,0,0,0,0,0	264,0,0,0,0,25,150,0,0,0	208	150
2014	0,78,0,0,0,0,0,0,0,0,0,162,0	0,83,0,0,0,1,0,0,0,0,0,263,0	204,0,0,0,0,0,0,0,0,118	264,0,0,0,0,49,288,0,0,0	235	150
2042	0,0,300,38,0,0,0,0,0,0,0,0,0	0,132,0,0,0,1,0,0,0,0,0,0,0	0,0,0,0,0,0,0,0,0,0	0,0,0,0,0,19,65,0,0,0	162	150
2044	101,104,0,36,6,0,0,4,22,0,0,0,0	0,6,0,0,0,0,0,0,0,0,0,0,0	258,0,0,0,0,56,0,4,0,20	51,1,0,0,0,0,0,152,0,0	2021	150
2053	0,0,0,0,0,0,0,0,0,0,0,0,0	0,0,80,0,0,0,0,0,25,0,0,0,0	0,29,0,0,0,0,0,0,0,0	0,0,0,0,0,0,0,0,0,0	213	150
2070	3,0,0,0,0,0,0,0,0,0,0,0,0	0,18,0,0,0,0,0,0,2,0,0,0,0	0,0,0,0,0,0,0,65,0,0	0,0,0,0,0,38,0,0,0,27	196	150
2073	279,0,0,0,0,0,0,0,0,0,0,0,0	0,2,0,0,0,0,0,0,1,0,1,0,0	0,0,0,0,0,0,0,0,0,0	0,0,0,0,0,0,79,143,19,0	201	150
2096	0,0,0,0,0,59,0,0,0,0,0,0,0	0,0,0,0,0,0,0,0,0,0,0,0,0	0,0,0,0,0,0,7,0,0,0	0,0,0,0,0,0,0,0,92,0	282	150
2097	0,0,0,0,0,0,0,0,0,0,0,0,0	0,1,0,0,3,0,0,0,0,0,0,469,0	0,0,0,0,0,0,0,0,16,0	0,0,0,0,0,0,62,0,0,0	287	150
2099	87,0,0,0,0,0,0,0,0,0,121,0,0	0,7,0,0,0,0,0,0,0,0,0,0,0	0,0,0,0,0,21,0,0,62,0	0,0,0,0,0,0,0,0,0,0	175	150
2116	0,0,0,0,0,0,0,0,0,0,0,0,0	25,88,0,0,0,0,0,0,1,0,0,39,0	0,0,0,0,47,0,0,0,0,0	0,0,0,0,0,1,0,0,0,0	270	150
2118	0,58,0,0,0,0,0,0,0,0,0,0,0	0,0,0,316,0,0,0,0,0,0,0,0,0	0,0,0,0,0,0,0,0,0,6	0,0,0,0,0,0,0,0,0,0	216	150
2119	102,0,0,0,0,0,0,0,0,0,0,0,0	0,0,0,0,0,0,0,12,0,0,0,0,0	0,0,0,0,0,25,0,0,0,0	0,0,0,0,0,0,0,0,0,0	155	150
2122	0,0,0,0,0,0,0,0,2,0,0,0,0	0,27,0,0,0,0,0,0,0,0,0,0,0	0,1,0,0,0,9,0,0,0,0	0,0,0,0,0,0,0,0,0,0	320	150
2129	0,0,0,0,0,0,0,0,0,0,0,0,0	0,24,0,0,0,0,0,0,0,0,0,0,0	0,0,0,0,0,0,0,0,4,0	0,0,0,0,0,0,16,0,0,0	165	150
2135	4,122,0,206,0,101,0,440,0,0,0,0,0	0,17,0,0,0,0,56,0,25,0,975,0,0	0,0,0,0,0,0,0,0,0,0	0,0,0,0,0,69,7,0,0,0	1552	150
2137	0,213,0,0,0,99,2,0,17,0,0,0,0	0,0,0,0,0,0,0,0,0,0,0,0,0	0,0,0,0,0,0,175,0,0,0	0,0,0,0,0,33,12,0,0,0	253	150
2141	0,0,0,0,1,42,0,0,1,0,0,0,1	0,0,0,0,0,0,0,0,0,0,0,0,0	0,0,0,0,0,0,83,80,0,0	0,0,0,0,0,0,32,0,0,0	271	150
2142	80,50,0,0,0,0,0,0,19,0,52,0,0	0,1,0,0,0,0,0,0,0,0,0,0,0	386,0,0,0,0,30,413,0,0,0	0,0,0,0,0,0,0,0,0,0	188	150
2143	0,0,0,0,0,0,0,0,0,0,0,1,0	52,413,0,0,0,0,0,0,0,0,403,0,0	0,0,0,0,0,0,0,0,0,0	101,0,0,0,0,30,178,169,104,91	318	150
2152	0,1,0,0,0,0,0,0,5,0,0,0,0	0,0,0,0,0,0,0,0,0,0,0,0,0	0,0,0,0,0,0,0,0,0,0	1,154,0,0,0,0,0,0,0,0	165	150
2154	0,33,0,0,0,0,0,0,0,0,0,0,0	0,0,0,0,0,0,0,0,0,0,0,0,0	0,0,0,0,0,0,0,0,0,0	0,0,0,0,0,44,0,0,0,0	990	150
2172	0,0,0,0,0,5,0,0,0,0,0,0,0	0,3,1,50,0,0,0,0,1,0,0,0,0	0,0,0,0,0,0,0,0,0,0	0,0,0,0,46,0,0,0,0,0	163	150
2176	0,78,0,0,0,0,0,0,0,0,0,0,0	0,0,0,0,0,0,0,0,0,0,1,0,0	0,8,0,0,0,0,0,0,0,0	0,0,0,0,0,0,0,0,0,0	201	150
2181	1,4,0,0,0,0,0,0,0,0,0,0,0	0,48,0,0,0,0,0,190,0,141,0,0,0	0,0,0,0,0,0,130,0,0,0	0,0,0,0,0,47,0,0,2,0	305	150
2201	0,70,0,0,0,0,0,0,14,0,0,0,0	0,0,0,0,0,0,0,0,0,0,0,0,0	0,0,0,0,0,0,6,0,0,0	0,2,0,0,0,6,0,0,0,0	159	150
2208	0,3,0,0,0,0,0,0,0,0,0,162,0	0,8,0,1,0,0,0,0,0,0,0,0,0	0,300,0,0,0,0,50,0,0,0	0,0,0,0,0,33,214,0,0,0	180	150
2217	38,1,0,0,199,0,0,0,19,0,0,0,0	0,0,0,0,0,0,0,0,0,0,0,0,0	0,0,0,0,0,0,0,0,0,0	0,0,0,0,0,1,0,0,0,0	326	150
2226	0,0,0,0,0,0,0,0,0,0,0,0,0	0,50,0,0,0,0,0,0,0,0,0,2,0	0,1,0,0,0,0,0,0,0,0	0,0,0,0,0,0,0,0,0,0	226	150
2227	1,0,0,0,0,0,0,0,0,0,0,0,0	0,0,0,0,0,0,0,0,0,0,0,0,0	0,0,0,0,0,0,0,98,0,0	0,0,0,0,0,0,356,0,0,0	360	150
2261	0,0,0,0,0,0,0,0,0,0,0,0,0	0,29,0,0,0,0,0,0,0,0,0,0,0	0,0,0,0,0,1,0,0,0,0	0,0,0,0,0,0,266,0,0,0	353	150
2277	0,0,0,0,0,0,0,1,0,0,0,0,0	0,238,0,0,0,23,0,0,0,0,37,0,0	0,0,0,0,0,0,0,0,0,0	277,0,0,2,0,0,0,2,0,0	407	150
2278	0,0,36,0,0,166,0,0,8,0,0,0,0	0,0,0,0,0,0,0,0,0,0,0,0,0	91,0,0,0,0,36,0,17,129,0	0,0,0,0,0,3,0,0,0,0	171	150
2280	9,0,0,38,0,0,0,0,1,0,0,0,0	0,46,0,0,0,0,0,0,4,0,0,0,0	0,0,0,0,0,48,0,0,0,0	0,0,0,0,0,0,0,0,0,0	174	150
2282	0,0,0,0,0,0,0,106,0,0,0,0,0	0,0,0,0,0,0,0,0,0,0,0,0,0	0,0,0,0,0,0,0,0,0,0	0,0,0,0,0,8,0,0,0,0	197	150
2291	0,0,0,0,0,0,0,30,0,0,0,0,0	0,141,0,0,0,9,0,0,0,0,0,4,0	0,0,0,0,0,0,0,0,0,0	0,0,0,481,0,32,230,2,0,0	174	150
2293	0,0,0,0,0,0,0,0,0,0,282,0,0	109,326,181,0,5,79,0,0,50,100,101,412,0	0,0,0,0,0,0,0,0,0,0	0,0,0,0,0,0,335,2,291,4	175	150
2294	108,0,0,305,0,0,0,0,2,0,0,0,0	1,237,0,98,97,90,0,19,54,72,661,609,0	0,0,0,0,5,1,0,0,0,0	263,0,0,152,0,117,292,5,722,128	220	150
2295	0,0,0,0,1,0,0,0,0,0,0,0,0	0,5,0,0,0,0,0,0,0,0,0,0,0	0,0,0,0,0,56,0,0,0,0	0,0,0,0,0,0,0,0,0,0	160	150
2296	0,0,0,0,1,0,0,0,0,0,0,0,0	0,110,1,66,109,189,1,0,66,10,4,0,0	0,0,0,0,0,103,0,0,0,0	0,0,0,0,0,44,27,8,170,1	204	150
2297	0,5,0,0,0,0,0,0,0,0,0,0,0	0,110,1,66,109,189,1,0,66,10,4,0,0	0,0,0,0,0,47,0,0,0,0	0,0,0,0,0,44,27,8,170,1	194	150
2309	0,0,0,0,0,99,0,0,13,0,284,0,0	0,0,0,0,0,0,0,0,8,0,0,0,0	0,0,0,0,0,59,0,0,0,0	0,0,0,0,0,0,0,0,0,0	288	150
2312	0,0,0,0,0,0,0,0,0,0,0,0,0	133,483,324,0,0,0,0,0,4,85,682,0,0	0,0,0,0,0,0,17,0,0,0	22,0,0,0,0,138,1118,1,0,186	366	150
2323	0,0,0,0,0,0,0,0,0,0,0,0,0	0,82,0,0,0,0,0,0,0,0,0,0,0	0,0,0,0,2,0,0,0,0,0	375,0,0,0,0,0,0,4,101,16	318	150
2328	34,51,0,0,0,85,0,0,0,0,0,0,0	0,0,0,0,0,0,0,0,0,0,0,0,0	0,0,0,0,0,121,0,0,0,0	0,0,0,0,0,21,0,0,0,0	1231	150
2337	0,0,0,0,0,0,0,0,0,0,0,0,0	0,0,0,0,0,1,0,0,0,0,0,0,0	0,0,0,0,0,6,0,0,0,0	0,0,0,0,0,0,0,0,0,0	312	150
2339	0,0,0,0,0,0,0,0,0,0,0,0,0	0,0,0,0,0,2,0,0,0,0,0,0,0	464,0,0,0,0,0,7,0,0,0	0,0,0,0,0,0,0,0,0,0	614	150
2342	0,109,0,0,0,0,0,0,0,0,0,0,0	0,0,0,0,0,0,0,0,33,0,0,0,0	0,0,0,0,0,0,0,0,0,0	0,0,0,0,0,0,0,2,6,0	468	150
2343	0,109,0,0,0,0,0,0,0,0,0,0,0	0,0,0,0,0,0,0,0,33,0,0,0,0	0,0,0,0,0,0,0,0,0,0	0,0,0,0,0,0,0,2,6,0	464	150
2351	0,0,0,0,0,0,0,1,0,0,0,0,0	0,0,0,0,0,0,0,0,0,0,0,0,0	0,1,0,0,0,0,0,0,0,5	0,0,0,0,0,4,0,0,0,0	353	150
2355	0,0,2,0,0,0,0,0,0,0,0,0,0	0,0,0,0,0,0,0,0,0,0,0,0,0	0,0,0,0,0,0,0,0,12,0	0,0,0,0,0,1,5,0,0,0	317	150
2377	38,5,0,0,207,0,0,0,0,0,0,11,0	0,22,1,0,0,0,0,0,0,0,0,0,0	226,0,0,0,0,0,79,0,0,0	0,0,0,0,0,0,0,0,0,0	477	150
2378	38,7,0,0,408,64,0,0,26,0,0,22,0	0,22,1,0,0,0,0,0,0,0,0,0,0	0,0,0,12,20,0,79,0,0,0	0,0,0,0,0,0,0,0,0,0	1026	150
2379	0,2,0,0,201,64,0,0,26,0,0,11,0	0,0,0,0,0,0,0,0,0,0,0,0,0	0,0,0,12,20,0,0,0,0,0	226,0,0,0,0,0,0,0,0,0	699	150
2397	0,0,0,0,0,0,0,0,0,0,0,0,0	0,0,0,0,0,0,0,0,4,0,0,0,0	0,0,0,0,0,0,0,0,5,0	0,0,0,0,0,0,0,0,0,118	346	150
2417	17,0,0,0,0,0,0,195,2,0,0,0,0	0,0,0,0,0,0,0,0,0,0,0,0,0	76,0,0,0,0,0,2,0,0,0	0,0,0,0,0,1,0,0,18,39	1174	150
2418	0,72,0,0,0,0,0,0,0,0,0,0,0	0,0,0,0,0,0,0,0,0,0,0,1,0	0,0,0,0,73,0,66,0,0,0	0,0,0,0,0,0,0,0,0,0	311	150
2432	0,0,0,0,0,0,0,0,0,0,13,0,0	0,308,0,0,0,0,0,0,38,0,0,12,0	0,0,0,0,0,0,0,0,0,0	169,74,0,0,0,12,0,0,1,0	167	150
2443	0,35,0,0,0,204,0,0,0,0,4,4,0	0,0,0,6,0,0,0,0,0,0,0,0,0	0,184,0,0,0,13,0,0,0,0	0,0,0,0,0,0,0,0,0,0	2305	150
2454	0,1,0,0,0,0,0,0,0,0,0,0,0	0,97,0,0,0,0,0,0,0,0,0,0,0	0,0,0,0,0,0,0,0,0,0	2,0,0,0,0,42,0,0,0,0	325	150
2455	219,486,1,2,0,157,0,183,43,337,450,4,1384	0,59,0,0,0,0,0,0,0,0,0,0,0	607,461,0,0,20,369,556,0,54,5	0,0,0,0,0,0,0,0,0,0	3008	150
2486	0,0,0,0,183,0,0,120,0,0,227,0,0	0,0,0,0,0,0,0,0,4,0,0,0,0	0,0,0,0,0,0,0,0,0,0	0,0,0,0,0,0,0,4,0,0	260	150
2493	0,101,0,364,0,0,0,0,18,0,1,0,0	0,0,2,0,0,0,0,0,14,0,0,0,0	203,0,0,0,0,0,0,0,7,2	0,0,0,0,0,0,0,0,0,0	189	150
2512	0,69,0,0,0,89,0,0,0,1,0,0,0	0,15,0,0,0,0,0,0,18,0,43,0,0	0,137,0,0,0,0,0,0,192,0	0,0,0,0,0,0,14,109,25,0	398	150
2516	0,0,0,0,0,0,0,0,0,0,183,0,0	0,0,0,0,0,0,0,0,0,0,0,0,0	0,0,0,0,0,0,0,0,0,0	0,0,0,0,0,0,0,0,0,12	202	150
2521	99,176,0,0,187,41,0,0,0,0,731,1,2	0,0,0,0,0,0,0,0,0,0,82,0,0	317,72,0,0,43,322,167,0,553,113	0,0,0,0,0,71,0,0,179,0	2309	150
2557	0,0,0,0,0,0,0,0,0,0,0,0,0	0,43,0,349,0,0,0,0,4,0,0,0,0	0,0,0,0,0,0,68,0,0,0	0,0,0,0,0,0,25,0,0,0	237	150
2571	0,95,0,0,0,0,0,0,0,0,0,0,0	0,0,0,0,0,4,0,0,0,0,0,0,0	0,0,0,0,0,49,0,0,0,0	0,0,0,0,0,0,0,0,0,0	186	150
2578	0,0,0,0,0,0,0,0,0,0,0,0,0	0,0,0,0,0,0,0,0,7,0,0,0,0	0,0,0,0,0,0,0,0,0,14	0,0,0,0,0,0,0,0,0,0	290	150
2580	1,198,0,0,0,0,0,1,40,0,0,314,1	0,0,0,0,0,0,0,0,0,0,0,0,0	0,47,0,0,0,0,1,0,0,0	0,204,0,0,0,0,0,0,0,0	482	150
2581	0,0,0,0,0,0,0,45,0,0,0,0,0	0,0,0,0,0,0,0,0,0,0,0,0,0	0,0,0,0,0,0,0,0,0,0	0,0,0,0,0,9,260,0,0,0	197	150
2584	0,0,0,0,0,0,0,0,0,0,0,0,0	0,0,1,0,0,0,0,0,1,0,0,0,0	0,0,0,0,0,0,0,0,8,0	0,35,0,0,0,0,0,0,122,0	154	150
2586	0,0,0,0,0,0,0,0,0,0,0,0,0	1,28,0,0,0,0,0,0,0,0,0,0,0	0,132,0,0,0,0,0,20,0,0	0,0,0,0,0,0,0,0,0,0	216	150
2599	0,1,8,203,293,0,0,0,0,1,0,1,0	0,71,0,0,0,0,0,0,0,0,0,0,0	182,0,0,0,0,0,0,0,0,151	0,0,0,0,0,0,0,0,0,0	156	150
2603	0,1,0,0,0,0,0,0,0,0,0,0,0	0,0,0,0,0,0,0,19,0,0,0,0,0	0,0,0,0,0,0,0,0,0,0	0,0,0,0,0,0,0,0,111,0	317	150
2608	0,2,0,0,79,0,0,0,4,0,0,0,0	0,0,0,0,0,0,0,0,0,0,0,0,0	0,0,0,0,0,0,0,0,0,0	0,0,0,0,0,10,0,0,0,0	568	150
2613	0,29,238,218,0,0,0,0,1,0,1221,0,0	0,49,0,0,0,0,0,0,0,0,407,0,0	379,115,0,0,0,1,118,0,4,2	0,0,0,0,0,0,0,0,0,0	252	150
2618	0,0,0,159,0,8,0,0,0,330,2,0,0	0,97,0,0,0,0,0,0,0,0,0,0,0	0,0,0,0,0,39,0,0,0,0	0,63,0,0,0,0,0,0,0,0	439	150
2622	0,0,0,0,0,0,0,0,0,0,0,0,0	0,28,0,130,0,0,0,0,0,0,0,0,0	0,0,0,0,0,0,66,0,0,0	0,0,0,0,0,0,0,0,134,0	159	150
2634	0,40,0,0,0,0,41,8,0,0,693,202,2	0,0,0,0,0,0,0,0,0,0,0,0,0	86,294,0,1,2,161,0,0,272,0	0,0,0,0,0,0,0,0,0,37	288	150
2636	0,165,0,645,0,0,0,0,0,0,0,0,0	0,104,0,0,0,0,0,0,0,0,0,0,0	0,11,0,0,0,0,18,0,0,0	0,0,0,0,0,0,0,2,0,0	293	150
2637	0,0,0,0,0,0,0,0,0,0,0,0,0	0,6,0,0,0,0,0,0,0,0,0,268,0	0,0,0,0,0,0,0,0,63,0	0,0,0,0,0,0,0,100,86,0	441	150
2644	0,24,0,0,0,1,0,0,2,0,0,0,0	0,0,0,0,0,0,0,0,1,0,0,0,0	0,0,0,0,0,37,0,0,0,0	0,0,0,0,0,0,0,0,0,0	202	150
2653	0,34,0,0,0,0,0,0,0,0,137,0,0	0,0,0,0,0,0,0,0,0,0,0,0,0	0,0,0,0,0,1,8,0,0,0	0,0,0,0,0,0,2,0,0,0	315	150
2658	0,32,0,0,0,0,0,0,0,0,0,0,0	0,0,0,0,0,0,0,0,0,0,431,0,0	0,0,0,0,0,0,0,0,0,0	0,0,0,0,0,0,154,12,1,0	156	150
2677	0,73,0,48,156,0,0,0,12,0,173,21,0	0,0,0,0,0,0,0,0,0,0,0,0,0	0,0,0,2,0,0,494,1,0,0	0,0,0,0,0,4,0,0,0,0	197	150
2696	0,31,0,0,0,0,0,0,0,0,0,0,0	0,0,0,0,0,0,0,0,0,0,0,0,0	3,0,0,0,0,0,0,0,0,0	0,0,0,0,0,0,0,40,0,0	244	150
2698	1,352,0,45,3,69,0,0,78,0,476,36,0	0,0,0,0,0,0,0,0,0,0,0,0,0	0,1,0,0,0,134,789,102,50,472	0,0,0,0,0,0,1,0,0,0	348	150
2723	0,86,0,0,0,0,0,0,0,0,0,137,0	0,0,0,0,0,0,0,0,0,0,0,0,0	0,0,0,0,0,0,0,0,0,0	0,0,0,0,0,32,0,0,0,0	524	150
2730	0,173,0,0,22,0,0,0,0,0,1,0,0	67,46,0,0,0,0,0,0,0,0,397,0,0	0,1,0,0,0,14,0,0,0,0	0,0,0,0,0,0,0,0,0,0	162	150
2734	0,45,0,0,0,0,0,0,0,0,151,0,0	0,0,0,0,0,0,0,0,0,0,557,0,1	0,0,0,0,0,0,0,0,0,0	0,0,0,0,0,115,0,0,0,0	214	150
2737	0,0,0,0,0,0,0,0,0,0,0,0,0	0,45,0,0,0,0,0,0,0,0,0,0,0	0,0,0,0,0,157,0,0,1,0	0,0,0,0,0,0,0,0,0,0	381	150
2738	0,0,0,39,0,0,0,0,0,0,0,0,0	316,83,1,0,0,32,0,0,1,0,1,0,0	0,0,0,0,0,0,0,0,0,0	0,2,0,0,1,56,624,2,271,0	257	150
2751	0,59,0,0,0,0,0,0,0,0,0,0,0	0,0,0,0,0,0,0,0,0,0,0,0,0	0,0,0,0,0,69,0,0,0,0	0,0,0,0,0,0,0,57,0,0	201	150
2765	0,0,0,0,0,0,0,0,0,0,0,663,0	0,0,0,0,0,13,0,0,0,0,0,0,0	0,1,0,0,0,1,1,1,1,0	0,0,0,0,0,0,5,0,0,0	626	150
2766	0,86,0,0,0,0,0,0,0,0,0,0,0	0,0,0,0,0,0,0,0,0,0,0,0,0	0,1,0,0,0,0,0,0,0,0	0,0,0,0,4,0,0,0,0,0	580	150
2767	0,0,0,0,0,0,0,0,0,0,0,0,0	0,110,0,0,0,0,0,0,23,0,326,0,0	0,0,0,0,0,0,0,0,0,1	0,0,0,0,0,0,0,0,0,0	231	150
2768	0,0,0,0,0,0,0,0,0,0,0,0,0	0,1,2,0,0,0,0,0,0,0,0,0,0	0,0,0,0,0,0,0,0,0,44	0,0,0,0,0,0,5,0,0,0	268	150
2775	65,0,0,0,0,0,0,0,0,0,0,0,0	0,0,0,0,0,0,0,0,0,0,0,0,0	0,0,0,0,0,0,0,0,0,0	160,0,0,0,0,1,0,37,0,0	193	150
2789	0,26,0,0,0,0,0,0,23,0,0,0,0	0,0,0,0,18,0,0,0,29,0,0,0,0	0,0,0,0,0,1,0,0,0,0	0,0,0,0,0,0,0,0,232,0	156	150
2804	0,0,0,0,143,3,0,0,0,0,176,0,0	38,50,0,0,0,0,0,0,0,0,0,337,0	0,26,0,0,0,0,0,0,3,156	0,0,0,0,0,0,0,0,62,1	398	150
2811	0,0,0,0,0,0,0,0,0,0,0,0,0	0,0,0,0,0,3,0,0,0,0,308,0,0	0,0,0,0,0,0,0,0,135,0	0,0,0,0,0,0,160,0,0,0	226	150
2814	0,0,0,0,0,0,0,0,0,0,0,0,0	0,0,0,105,0,0,0,0,0,0,0,23,0	16,1,0,0,0,0,0,0,0,0	0,0,0,0,0,0,0,0,0,0	245	150
2822	0,0,0,0,0,0,0,0,18,0,0,0,0	0,0,0,0,0,0,0,0,0,0,0,0,1	0,0,0,0,0,0,0,0,0,0	0,0,0,0,0,0,0,0,0,56	206	150
2839	0,17,0,0,0,0,0,0,0,0,0,0,0	0,0,3,0,0,0,0,0,0,0,0,0,0	0,0,0,0,0,0,0,0,0,0	0,0,0,0,0,0,0,0,0,1	281	150
2853	0,0,0,0,0,0,0,34,0,0,0,0,0	0,77,0,0,0,0,0,33,1,0,0,0,0	0,0,0,0,0,0,0,0,0,0	0,31,0,0,0,5,0,0,0,28	184	150
2860	1,183,0,0,0,86,0,0,0,0,18,0,0	0,10,0,0,0,4,0,0,0,0,5,0,10	1,0,0,0,0,0,0,90,0,0	0,0,0,0,0,14,0,0,0,0	849	150
2867	0,0,0,0,0,67,0,0,0,0,0,0,0	0,0,0,0,0,0,0,0,0,0,0,0,0	0,0,0,0,0,0,0,3,0,0	0,0,0,0,0,0,0,0,54,1	183	150
2878	40,26,0,0,2,88,0,0,9,0,778,2,0	0,0,0,0,0,0,0,0,0,0,29,0,0	1,0,0,0,0,37,115,70,89,0	388,214,0,0,0,2,2,0,258,0	1490	150
2880	0,0,0,0,0,0,0,0,0,17,0,0,0	0,0,0,0,0,0,0,0,0,0,0,0,0	0,0,0,0,0,49,0,0,0,0	0,17,0,0,0,0,76,0,1,4	214	150
2887	0,70,1,0,0,0,0,0,10,2,0,0,0	0,0,0,0,0,0,0,0,0,0,0,218,0	0,0,0,0,0,58,0,0,0,0	0,0,0,0,0,0,0,0,0,0	234	150
2892	41,0,1,470,0,0,0,0,14,0,200,0,0	0,0,0,33,0,0,0,0,0,0,0,0,0	0,0,0,0,2,61,27,15,21,0	0,0,0,0,0,0,0,0,0,0	809	150
2897	69,290,167,7,206,0,0,2,0,0,232,0,263	0,0,0,0,0,0,0,0,0,0,0,0,0	0,149,0,0,0,0,40,0,663,2	0,0,0,0,0,7,0,0,0,0	323	150
2905	0,0,0,360,0,0,0,0,1,0,1,0,0	0,35,0,0,0,0,0,0,0,0,0,0,0	0,0,0,0,0,0,43,0,0,0	0,0,0,0,4,0,256,0,0,0	189	150
2910	2,337,0,0,0,37,0,0,20,0,1,737,92	0,0,0,0,0,0,0,0,0,0,0,282,0	0,18,0,0,0,355,144,0,14,0	0,0,0,0,0,0,0,0,0,0	1091	150
2916	0,0,0,0,0,0,1,0,1,0,0,0,0	13,0,0,0,0,0,0,0,0,0,0,0,0	200,0,0,0,0,0,0,0,0,0	0,454,0,0,0,0,0,0,0,0	386	150
2918	0,0,0,0,0,0,0,0,0,0,0,61,0	0,72,0,0,0,0,0,0,0,0,116,0,0	0,0,0,3,0,18,0,0,0,0	0,0,0,0,0,20,0,0,0,0	210	150
2919	0,0,0,0,0,0,0,0,0,0,117,0,0	0,110,0,0,0,123,0,0,18,0,382,0,0	0,0,0,0,0,0,0,0,0,0	0,0,0,0,0,49,10,0,255,0	293	150
2923	0,127,0,0,0,0,0,0,19,0,8,16,0	0,33,2,91,0,0,0,0,14,0,0,375,0	226,0,0,0,0,28,0,1,44,0	0,0,0,0,2,59,44,0,104,0	231	150
2932	0,0,0,0,0,0,0,0,0,0,0,0,0	0,74,0,0,0,0,0,0,4,0,0,1,0	0,26,0,0,0,0,0,1,0,0	0,0,0,0,0,0,0,70,0,0	180	150
2945	0,0,0,0,0,0,0,0,12,0,0,0,0	0,64,0,0,0,0,0,0,0,0,0,0,1	0,0,0,0,0,11,0,0,0,0	0,0,0,0,25,27,0,0,0,0	931	150
2987	0,0,0,0,0,0,0,0,0,0,0,0,0	0,1,0,482,0,0,0,0,0,0,0,0,0	88,0,0,0,0,0,0,0,0,0	0,0,0,0,0,0,0,0,0,0	156	150
2992	0,39,0,0,0,0,0,0,0,0,0,0,0	0,0,0,0,0,136,0,0,0,0,0,0,0	0,0,0,0,0,0,0,0,0,0	0,0,0,0,0,18,0,0,0,0	163	150
2993	0,84,0,0,0,0,0,0,0,0,0,0,0	0,0,0,0,234,0,0,0,0,0,0,0,0	0,0,0,0,0,0,0,0,0,0	0,0,0,0,0,0,14,0,0,0	199	150
3003	0,47,455,0,0,0,0,0,0,0,0,0,0	0,0,0,0,0,66,0,1,0,0,0,0,0	0,0,0,0,0,0,0,0,0,0	0,0,0,0,0,0,0,0,3,0	244	150
3004	0,47,0,0,2,85,0,0,0,0,0,3,0	0,0,0,0,0,110,0,0,0,0,0,0,999	0,0,0,0,0,25,2,63,0,0	0,0,0,0,0,0,67,0,0,0	198	150
3005	0,1,0,0,0,0,0,0,0,0,0,0,0	0,0,0,0,0,0,0,0,0,0,0,1,0	0,0,0,0,0,0,26,0,0,0	0,0,0,0,0,0,0,0,0,0	188	150
3014	0,31,0,0,0,0,0,0,0,0,0,0,1	0,83,0,0,0,4,0,388,0,0,171,0,0	0,0,0,0,0,33,0,0,0,0	0,237,0,0,0,70,181,0,9,0	178	150
3028	0,0,0,0,0,0,0,0,0,0,503,2,0	0,0,0,0,0,0,0,0,3,0,0,0,0	0,0,0,0,0,37,0,0,0,0	0,0,0,0,0,98,0,0,0,0	207	150
3032	0,0,0,0,0,0,0,2,16,0,0,0,0	0,0,0,0,0,41,0,0,0,0,0,433,0	0,0,0,0,21,1,0,0,0,63	0,0,0,0,0,0,3,0,0,0	471	150
3038	0,0,0,0,0,0,0,0,0,0,399,0,0	0,0,0,0,0,0,0,0,0,0,0,0,0	0,0,0,0,0,0,0,0,0,0	0,0,0,0,0,23,0,0,0,0	228	150
3043	0,68,0,0,0,219,0,2,2,0,0,0,0	0,16,0,0,0,0,1,242,0,0,0,0,0	37,0,0,0,0,84,229,78,0,0	0,1,0,0,0,2,217,0,0,0	177	150
3044	0,0,0,0,0,0,0,0,2,0,0,0,0	0,16,0,0,0,0,1,242,0,0,0,0,0	0,0,0,0,0,0,0,0,0,0	0,1,0,0,0,2,217,0,0,0	167	150
3060	0,8,0,0,0,126,0,0,0,0,0,0,0	0,0,0,0,0,0,0,0,10,0,0,38,0	0,346,0,0,0,0,0,0,0,0	0,0,0,0,0,41,29,0,0,0	220	150
3073	80,0,2,0,0,0,119,0,46,0,0,60,0	23,169,1,0,0,74,0,1,36,0,160,0,1	3,0,0,0,0,2,243,0,0,0	50,0,0,0,0,32,111,19,0,0	2633	150
3109	0,0,0,0,0,0,0,0,0,0,0,0,0	46,293,182,23,0,148,0,0,67,5,397,92,38	0,0,0,0,0,0,0,0,0,63	0,0,0,0,2,199,837,33,212,3	318	150
3128	21,272,0,0,0,3,0,146,0,0,222,35,0	0,80,0,0,0,0,0,0,0,0,0,0,0	318,0,0,0,0,0,84,186,0,0	0,0,0,0,0,0,0,0,0,0	189	150
3132	0,4,0,0,0,0,0,0,0,0,17,0,0	0,148,0,0,0,0,0,0,0,0,0,0,0	255,0,0,0,0,0,227,0,130,0	0,7,0,0,0,0,0,0,0,0	165	150
3133	14,0,0,0,0,0,0,0,0,0,0,0,0	0,6,0,0,0,0,0,0,0,0,0,0,0	0,0,0,0,0,0,0,36,0,0	0,0,0,0,0,0,0,0,0,0	495	150
3152	0,0,0,0,0,0,0,0,0,0,54,0,0	0,10,1,1,1,0,0,2,1,0,24,1,0	0,0,0,0,0,0,0,0,0,0	0,0,0,0,2,0,0,0,1,0	432	150
3153	0,0,0,0,0,0,0,0,0,590,0,0,0	0,0,0,0,0,0,0,0,22,0,0,0,0	130,0,0,0,0,30,0,10,0,0	0,0,0,0,0,21,0,0,0,0	164	150
3156	0,1,0,0,0,0,1,0,12,0,0,0,0	0,0,0,1,0,0,0,0,0,0,0,2,0	0,1,0,0,0,0,0,77,0,0	0,0,0,0,0,50,0,0,0,64	243	150
3157	0,81,0,569,100,0,0,0,24,0,0,0,0	0,0,0,0,0,0,0,1,4,0,0,0,0	0,0,0,1,28,2,298,0,126,290	0,0,0,0,0,9,0,0,0,6	977	150
3160	0,0,0,0,0,0,0,0,0,0,0,0,0	0,97,0,0,0,0,0,0,0,0,0,0,0	0,0,0,0,0,24,91,0,75,0	0,0,0,0,0,0,0,0,0,0	377	150
3172	0,1,0,0,0,0,0,0,20,0,0,0,0	0,0,0,0,0,0,0,0,0,0,0,0,0	0,0,0,0,0,0,0,64,0,0	0,0,0,0,0,1,0,0,0,0	251	150
3190	0,4,0,187,0,46,0,3,0,0,0,0,0	85,138,225,278,0,159,0,0,19,257,705,10,0	0,0,0,0,0,0,0,0,0,0	0,381,0,89,0,130,282,5,219,1	532	150
3196	0,1,0,0,0,0,0,0,0,0,0,0,0	74,677,0,5,0,223,1,318,58,0,96,148,0	0,0,0,0,0,0,0,0,0,0	216,8,0,3,0,303,1229,528,14,0	162	150
3213	303,60,0,627,3,44,0,0,0,65,11,0,0	0,0,0,0,0,0,0,0,0,0,0,0,0	0,232,0,339,2,65,198,119,185,0	0,0,0,0,0,0,0,0,0,7	1160	150
3216	0,12,0,0,0,0,0,425,0,52,18,0,0	0,0,0,0,0,0,0,0,0,0,0,0,0	4,0,0,0,0,7,0,0,0,108	0,0,0,0,0,0,1,0,0,0	186	150
3236	0,0,0,0,0,0,0,0,0,0,0,0,0	0,0,0,0,0,0,0,0,17,0,0,0,0	0,0,0,0,0,0,14,0,0,0	0,0,0,0,0,0,0,0,0,0	316	150
3248	13,78,0,0,22,51,0,6,34,0,435,0,0	0,0,0,0,0,0,0,0,0,0,0,0,0	2,112,0,2,0,113,0,7,61,319	0,0,0,0,0,39,0,0,0,0	480	150
3257	0,0,0,0,0,0,0,0,0,0,35,0,0	6,12,0,0,0,0,0,0,0,0,0,0,0	0,0,0,0,1,0,0,0,0,0	0,0,0,0,0,0,0,0,0,0	351	150
3295	0,0,0,8,0,0,0,25,0,0,0,0,0	0,51,0,0,0,0,0,0,28,0,0,0,0	0,0,0,0,0,69,0,2,18,100	246,0,0,0,0,0,303,59,0,0	1598	150
3302	0,157,136,20,0,0,0,0,33,147,0,5,0	0,0,0,0,0,0,0,0,0,0,361,0,0	0,2,0,0,0,238,115,0,90,0	0,0,0,0,0,0,0,0,0,0	261	150
3303	0,10,0,0,0,0,0,0,0,0,0,0,0	0,0,0,0,0,0,0,0,0,0,0,0,0	0,0,0,0,0,0,3,0,0,0	0,0,0,0,0,0,4,0,0,0	161	150
3323	0,39,0,0,0,0,0,0,0,0,0,0,0	46,75,0,0,0,10,0,0,9,0,15,0,0	0,0,0,0,0,0,0,0,0,0	0,0,0,0,0,23,0,0,1,0	170	150
3331	0,1,0,0,0,0,2,0,0,0,1,0,0	0,520,228,94,0,269,0,0,21,245,654,0,0	0,0,0,0,0,0,0,77,0,0	0,0,0,0,0,18,24,49,0,69	487	150
3348	0,0,0,0,2,0,0,0,0,0,0,0,0	0,49,0,0,0,0,0,0,0,0,0,0,0	0,0,0,0,0,0,0,0,0,0	0,0,0,0,0,102,0,13,0,0	186	150
3350	0,183,80,0,16,43,0,0,83,0,14,273,0	0,0,0,0,0,0,0,0,0,0,0,1,0	69,0,0,0,0,230,23,80,424,0	0,82,0,0,0,0,0,0,0,0	3227	150
3374	0,0,0,0,0,0,0,0,0,0,0,2,0	105,24,0,0,0,4,0,0,0,0,56,70,0	0,0,0,0,0,0,0,0,0,0	0,104,0,0,0,1,13,0,67,0	188	150
3376	77,11,0,0,0,0,88,0,0,0,61,0,0	0,0,0,0,0,36,0,0,0,0,0,0,0	0,0,0,0,0,0,0,20,0,0	0,0,0,0,0,0,0,0,0,0	159	150
3386	0,126,0,146,0,10,0,0,2,487,952,0,0	0,2,0,0,0,0,0,0,16,0,0,0,0	0,0,0,1,0,6,261,2,201,16	0,0,0,0,0,66,441,0,0,0	156	150
3414	14,37,10,0,262,0,0,0,2,0,1,0,0	4,75,0,0,0,0,0,0,23,38,172,0,0	0,0,0,0,0,10,0,2,521,0	0,0,0,0,0,0,72,0,0,0	288	150
3439	63,0,0,0,2,0,0,0,0,0,2,0,0	0,63,0,0,0,0,0,0,0,0,0,0,0	0,0,0,0,0,0,0,0,0,0	61,0,0,0,0,0,0,0,0,0	599	150
3443	0,0,0,0,0,0,0,0,0,0,0,0,0	0,82,0,0,1,0,0,0,0,0,0,0,0	0,0,0,0,0,0,0,0,4,0	0,410,0,0,24,0,0,0,1,0	159	150
3447	0,0,745,0,0,0,2,0,0,0,0,0,0	0,0,0,0,0,0,0,0,0,0,0,0,0	0,0,0,0,0,0,0,0,0,0	6,0,0,0,0,62,0,0,0,0	420	150
3450	0,112,0,0,0,80,0,0,5,0,0,18,0	0,0,0,0,0,0,0,0,0,0,0,0,0	0,0,0,0,0,0,0,4,0,0	0,0,0,0,0,0,0,0,128,0	841	150
3467	0,0,0,0,0,0,0,0,0,0,0,0,0	53,178,0,0,0,0,0,0,16,0,0,0,0	0,0,0,0,0,46,0,0,0,0	0,0,0,0,0,0,0,0,0,0	181	150
3474	7,0,0,0,0,16,0,0,24,0,306,0,0	0,0,0,0,0,164,0,0,0,0,0,0,0	0,268,0,0,0,273,0,0,48,0	0,0,0,0,0,0,0,0,0,0	845	150
3475	0,0,0,0,0,0,0,0,0,0,0,0,0	0,0,0,0,0,164,0,0,0,0,0,0,0	0,0,0,0,0,16,0,0,0,0	0,0,0,0,0,0,0,0,0,0	539	150
3476	0,0,0,0,0,0,0,0,0,0,0,0,0	0,0,0,0,0,164,0,0,0,0,0,0,0	0,0,0,0,0,16,0,0,0,0	0,0,0,0,0,0,0,0,0,0	364	150
3484	0,120,0,0,0,0,0,0,0,0,0,0,0	0,141,255,1,0,34,0,129,0,1,0,0,0	26,0,0,0,0,0,0,0,0,0	224,0,0,0,2,58,99,0,1,0	249	150
3492	0,2,0,0,0,0,0,0,0,0,0,0,0	0,1,0,0,0,0,0,0,0,0,3,0,0	0,0,0,0,0,19,0,0,0,0	0,0,0,0,0,0,1,0,0,0	241	150
3493	0,0,0,0,0,0,0,0,0,0,0,0,0	0,3,0,0,1,0,0,0,0,0,0,0,0	92,0,0,0,0,0,67,0,0,0	0,0,0,0,0,0,0,0,0,0	173	150
3518	0,0,0,0,0,0,0,0,0,0,7,0,0	0,220,0,0,0,0,0,0,15,0,0,0,2	0,0,0,0,0,55,0,0,84,0	0,0,0,0,0,68,31,0,9,0	411	150
3531	0,27,0,0,0,0,0,0,0,0,0,0,0	0,0,0,0,0,0,0,0,0,0,0,0,0	0,0,0,0,0,0,0,0,0,0	0,0,0,0,0,0,0,0,0,235	355	150
3537	97,184,1,0,0,191,0,0,31,0,0,6,0	0,12,0,0,0,0,0,0,0,0,0,0,0	0,1,0,0,0,0,367,0,75,0	0,0,0,0,0,0,0,0,0,0	2100	150
3539	8,182,0,0,0,0,0,0,0,0,0,0,0	12,62,0,0,0,0,0,0,14,962,0,0,0	183,76,0,0,1,30,0,0,0,0	15,280,0,0,0,0,204,182,0,0	174	150
3561	0,49,0,0,0,0,0,0,6,0,0,0,0	0,0,0,0,0,0,0,0,0,0,0,0,0	0,0,0,0,0,0,0,0,0,0	0,205,0,0,0,0,0,0,0,0	205	150
3582	0,0,0,6,1,0,0,0,0,0,0,0,0	0,65,0,0,0,0,0,0,49,0,6,1,0	0,0,0,0,0,0,269,0,0,6	417,0,0,2,0,64,217,5,0,0	1042	150
3591	0,0,0,0,0,0,0,0,0,0,0,0,0	0,50,0,0,0,0,0,0,0,1,0,0,0	0,0,0,0,0,0,155,0,0,0	0,0,0,0,0,1,0,0,0,0	214	150
3612	0,0,0,0,0,0,0,0,0,0,0,0,0	0,49,0,0,0,1,0,0,33,0,0,0,0	0,0,0,0,0,69,0,21,0,0	0,0,0,0,0,0,0,0,0,0	162	150
3653	0,0,0,0,0,74,0,0,0,1,0,0,0	0,25,0,0,0,0,0,0,0,0,106,0,0	0,0,0,0,0,40,1,84,0,0	0,0,0,0,0,0,0,15,0,0	320	150
3655	0,0,0,0,0,66,0,0,0,0,0,0,0	0,32,0,0,0,1,0,158,0,0,0,0,0	0,0,0,0,0,0,0,0,0,0	74,0,0,0,0,16,0,0,0,0	165	150
3657	0,0,0,0,0,26,0,0,0,0,266,0,0	0,0,0,0,0,0,0,0,0,0,0,0,0	2,0,0,0,0,0,0,0,0,0	0,0,0,0,0,8,0,0,0,0	495	150
3666	0,58,0,0,0,0,0,0,0,0,0,0,0	0,47,0,0,0,0,0,1,0,0,0,0,0	0,0,0,0,0,0,0,0,0,0	0,110,0,0,0,34,0,0,0,0	467	150
3677	0,0,0,0,0,0,0,0,0,0,0,0,0	0,0,0,474,0,0,0,0,27,79,0,0,0	0,0,0,0,0,11,0,0,0,0	2,0,0,0,0,0,53,0,0,0	290	150
3683	0,0,0,0,0,0,0,1,0,0,0,0,0	0,94,0,0,0,0,0,0,72,1,333,0,1	0,0,0,0,0,0,0,0,2,0	0,0,0,0,13,0,348,4,1,0	486	150
3685	0,0,0,0,0,0,0,0,0,0,75,214,0	0,39,0,0,0,5,0,0,0,0,0,0,0	0,5,0,0,0,0,0,0,0,0	0,0,0,0,0,0,0,0,0,0	156	150
3698	0,244,409,0,0,0,0,0,0,0,3,2,0	0,0,0,0,0,0,0,0,0,0,0,0,0	0,0,0,0,0,112,320,0,0,0	0,53,0,0,0,0,0,0,0,0	474	150
3710	0,50,0,0,0,0,0,0,0,0,0,0,0	0,19,0,173,0,0,0,0,0,0,345,0,0	0,0,0,0,0,61,0,0,0,0	0,0,0,0,0,0,176,0,0,0	237	150
3711	117,564,0,0,0,0,1,534,58,301,358,677,0	0,0,0,0,0,0,0,0,14,0,0,0,0	194,371,0,0,0,154,93,97,565,2	27,0,0,0,0,0,0,0,0,0	2985	150
3713	2,0,0,0,14,231,0,0,0,0,866,52,0	0,61,0,0,0,0,0,0,0,0,0,0,0	0,0,0,0,0,0,0,0,112,0	0,0,0,0,0,0,0,0,0,0	245	150
3723	0,0,0,0,0,0,0,0,10,0,0,0,0	0,26,0,0,0,0,0,0,0,0,0,0,0	0,0,0,0,0,0,55,19,8,0	0,0,0,0,0,0,0,0,0,0	196	150
3724	0,0,0,0,0,0,0,0,31,0,0,0,0	0,26,0,0,0,0,0,0,0,0,0,0,0	0,0,0,0,0,0,66,19,8,0	0,0,0,0,0,0,0,0,0,0	185	150
3725	0,0,0,0,0,0,0,0,0,0,0,0,0	6,15,0,0,170,114,0,0,11,0,185,0,0	0,0,0,0,0,2,0,0,0,0	0,0,0,0,0,4,125,0,0,0	168	150
3751	0,21,0,0,0,0,0,0,0,0,0,0,0	0,40,0,0,0,0,0,0,0,0,0,0,0	0,0,0,0,1,0,0,30,0,0	0,0,0,0,0,0,0,0,0,0	158	150
3763	0,0,0,0,0,0,0,0,0,0,0,0,0	0,0,0,1,0,0,0,0,0,0,0,0,368	0,2,0,0,0,0,0,0,0,0	112,0,0,0,0,4,0,0,45,0	260	150
3768	0,72,0,1,0,0,0,0,0,0,390,0,0	0,0,0,0,0,0,0,0,0,0,0,1,0	41,0,0,0,1,0,92,0,0,0	0,0,0,0,0,0,30,0,0,90	166	150
3771	0,0,0,0,0,0,0,0,0,0,0,0,0	0,53,0,0,0,24,0,0,0,0,829,9,0	0,0,0,0,22,59,1,0,0,0	0,0,0,0,0,18,174,0,56,0	193	150
3774	0,0,0,0,0,0,0,0,0,0,0,0,0	1,82,0,0,0,45,0,0,0,1,389,0,0	0,0,0,0,0,0,1,0,0,0	0,0,0,0,11,44,175,0,19,0	154	150
3776	0,0,0,0,0,0,0,0,17,0,0,0,0	0,31,0,0,0,0,0,0,0,0,231,1,0	0,0,0,0,0,0,0,98,0,0	0,0,0,0,0,0,0,0,0,0	725	150
3777	62,6,0,0,0,0,0,0,0,0,0,0,0	0,0,0,0,0,0,0,0,0,0,0,0,0	0,0,0,0,0,0,0,0,0,0	0,0,0,0,0,0,0,12,0,0	242	150
3781	0,0,0,0,0,179,0,0,0,0,0,0,0	24,53,0,0,0,0,0,0,0,0,90,0,0	0,0,0,0,0,4,162,0,0,0	377,0,0,0,0,0,295,0,0,2	434	150
3788	2,0,0,0,0,0,0,0,0,0,0,0,0	0,221,0,0,0,0,0,0,0,0,0,0,0	0,0,0,0,0,0,0,0,0,0	0,0,0,0,0,19,0,0,0,0	273	150
3789	0,0,0,0,0,0,0,0,0,0,0,0,0	0,84,0,9,0,0,0,91,0,0,513,1,0	0,0,0,0,14,0,0,0,0,0	608,0,0,0,0,48,2,27,0,77	204	150
3793	0,0,0,0,0,0,0,0,0,0,1,0,0	0,0,0,0,0,0,0,103,0,0,0,0,0	0,0,0,0,0,0,0,0,0,0	0,0,0,0,0,138,2,0,0,0	179	150
3807	0,46,0,0,0,0,0,0,0,0,0,0,0	0,0,0,0,0,0,0,0,0,0,0,0,0	0,0,0,0,0,0,0,0,0,0	23,0,0,0,0,0,0,0,0,0	183	150
3812	0,0,0,0,0,0,0,0,0,0,51,0,0	0,14,0,0,0,0,0,0,0,0,164,0,0	0,0,0,0,0,0,0,0,0,0	0,0,0,0,0,0,30,0,0,0	453	150
3813	0,0,0,0,0,0,0,3,0,0,0,0,0	0,5,0,0,0,0,0,398,0,0,4,0,0	0,0,0,0,0,0,0,10,0,0	0,0,0,0,0,0,1,0,0,0	384	150
3815	0,0,0,0,1,0,0,0,0,0,0,0,0	6,0,0,0,0,0,0,0,0,0,0,0,0	0,0,0,0,0,0,0,0,0,0	0,0,0,0,0,0,0,0,27,0	171	150
3820	0,38,0,0,0,0,0,0,0,0,0,0,0	45,647,2,1,0,50,0,600,101,0,267,184,0	0,0,0,0,0,0,0,0,0,0	504,124,0,0,1,199,410,75,116,8	319	150
3825	0,0,0,0,0,0,0,1,0,0,0,0,0	0,0,0,0,0,0,0,0,0,0,0,0,0	0,0,0,0,0,0,0,0,0,0	0,0,0,0,0,0,90,0,0,3	177	150
3842	0,0,0,0,0,0,0,0,0,0,460,0,0	0,0,0,0,0,0,0,0,0,0,0,0,0	0,0,0,0,0,0,0,0,0,0	0,0,0,0,0,0,0,0,0,1	293	150
3844	0,0,0,0,0,0,0,0,0,0,53,0,0	0,0,0,0,0,0,0,0,0,0,0,0,0	0,0,0,0,0,0,0,0,0,0	0,0,0,0,0,0,34,1,0,0	171	150
3852	20,0,0,0,0,0,0,0,0,0,0,0,0	0,167,0,0,8,82,0,249,65,0,91,110,0	0,0,0,0,0,0,0,0,0,0	2,107,0,321,4,75,207,0,5,0	154	150
3869	0,72,10,0,0,0,0,0,0,0,0,0,0	0,40,0,0,0,0,0,0,0,0,0,0,0	0,0,0,0,0,0,0,0,175,0	0,0,0,0,0,0,87,7,0,1	469	150
3871	0,77,0,0,0,0,0,0,0,0,0,0,0	0,0,0,0,0,0,0,0,0,0,0,0,0	0,0,0,0,0,0,0,0,0,0	0,0,0,0,0,0,0,122,0,0	198	150
3879	64,77,0,0,0,0,0,0,31,0,0,2,0	0,140,0,0,37,0,0,0,9,0,0,0,0	0,0,0,0,0,66,0,0,0,120	0,0,0,0,0,0,32,0,0,0	1494	150
3883	0,0,0,0,0,91,0,0,70,0,0,0,0	0,0,0,0,0,0,0,0,5,0,0,0,0	0,0,0,0,0,52,0,0,154,0	0,0,0,0,0,0,0,0,0,0	514	150
3884	0,0,0,0,0,91,0,0,70,0,0,0,0	0,59,0,0,0,0,0,0,0,0,291,0,0	0,0,0,0,0,104,0,0,154,0	0,0,0,0,0,48,0,0,0,0	645	150
3885	0,0,0,0,0,0,0,0,5,0,0,0,0	0,59,0,0,0,0,0,0,0,0,291,0,0	0,0,0,0,0,52,0,0,0,0	0,0,0,0,0,48,0,0,0,0	281	150
3891	0,32,0,125,0,0,0,0,0,0,0,0,0	0,6,0,0,0,0,0,0,0,0,0,0,0	0,0,0,0,0,0,0,0,0,0	0,0,0,0,0,81,0,0,0,0	187	150
3899	0,0,0,0,0,0,0,0,0,0,449,0,0	0,0,0,0,0,0,0,0,0,14,0,0,0	0,0,0,0,0,0,0,0,0,0	0,0,0,0,0,0,0,1,0,0	441	150
3901	0,2,0,0,0,0,0,0,0,0,0,0,0	0,0,0,1,0,0,0,0,13,0,0,337,0	0,0,0,0,0,0,0,0,0,0	0,0,0,0,0,0,6,0,0,0	154	150
3911	36,0,0,0,0,0,0,0,0,0,0,0,0	0,0,0,0,0,0,0,0,0,0,0,0,0	0,0,0,0,2,0,0,0,0,0	197,0,0,0,0,37,0,0,0,0	374	150
3935	0,0,0,95,0,0,0,0,0,0,0,0,0	107,952,3,0,1,5,16,5,45,0,541,147,0	0,0,0,0,0,0,0,0,0,0	2,2,0,0,2,60,348,122,50,2	177	150
3955	0,0,0,0,0,0,0,0,0,0,0,0,0	1,0,62,0,0,0,0,0,0,0,0,0,0	0,0,0,0,0,4,0,0,0,1	0,0,0,0,0,0,0,0,0,0	483	150
3964	0,0,0,232,0,0,0,0,7,0,58,0,0	0,0,0,0,0,0,0,0,0,0,0,0,0	0,17,0,0,0,0,3,167,58,360	0,0,0,0,0,0,0,6,0,0	813	150
3968	0,4,0,0,0,0,0,0,45,0,1,0,0	0,0,0,0,0,0,4,0,13,0,0,0,0	0,0,0,0,0,66,0,0,70,108	0,0,0,0,0,0,0,0,0,0	682	150
3978	0,0,0,0,0,0,0,0,6,0,0,0,0	1,0,0,0,4,0,0,444,0,0,1,4,1	1,43,0,0,0,0,149,0,0,0	0,386,0,0,0,40,1,103,0,0	223	150
3986	0,65,0,0,0,0,0,0,0,0,0,0,0	0,0,0,0,0,0,0,0,0,0,1,0,0	450,0,0,0,0,0,1,0,0,92	0,0,0,0,0,0,0,0,0,0	168	150
3988	0,0,0,0,0,0,0,0,0,0,0,0,0	1,0,0,0,0,0,0,0,0,0,0,0,0	0,0,0,0,0,0,0,24,51,0	0,0,0,0,0,68,1,0,0,0	408	150
4006	0,0,0,0,0,0,0,0,0,0,3,0,0	0,0,0,0,0,0,0,0,0,0,0,0,0	0,0,0,0,0,23,59,0,0,2	0,0,0,152,0,0,27,0,0,0	198	150
4010	2,0,0,0,0,0,0,0,0,0,0,0,0	0,0,1,0,0,172,0,0,0,0,0,0,0	0,0,0,0,0,1,39,1,48,0	0,0,0,0,0,0,0,0,0,0	639	150
4012	0,175,294,864,275,18,0,0,61,15,161,781,0	0,0,0,0,0,0,0,0,0,0,14,0,0	194,34,0,0,0,253,2,0,203,1	0,0,0,0,0,0,0,0,0,0	3425	150
4014	0,58,0,0,0,0,0,0,27,0,0,0,0	0,0,0,0,0,0,0,0,22,0,0,0,0	164,0,0,0,0,0,0,0,0,0	0,0,0,0,0,1,0,0,0,0	194	150
4019	0,22,0,0,0,0,0,0,0,0,0,0,0	0,63,0,0,0,0,0,0,0,0,0,0,0	0,0,0,0,0,0,0,0,0,0	0,0,0,0,0,0,109,0,0,0	242	150
4036	19,619,0,695,297,94,1,27,42,0,944,1362,0	0,0,0,0,0,0,0,0,0,0,0,413,0	147,290,0,0,0,164,366,1,310,116	0,0,0,0,0,0,0,4,0,0	1123	150
4038	0,70,0,0,124,0,0,0,0,0,49,0,0	0,0,0,0,0,0,0,0,8,0,0,0,0	0,0,0,0,0,0,0,0,0,13	0,0,0,0,0,0,0,0,0,0	278	150
4040	8,91,0,0,150,0,50,8,19,375,1,400,0	0,51,0,0,0,0,0,0,0,0,0,1,0	0,399,0,2,6,1,0,0,160,0	0,0,0,0,0,0,0,0,2,0	267	150
4057	0,70,0,0,0,0,0,0,0,0,0,0,0	2,161,0,0,0,0,0,5,28,6,951,492,0	0,0,0,0,0,0,0,56,0,0	1,1,0,0,0,166,241,120,67,0	362	150
4058	13,292,0,5,0,0,37,41,0,0,0,0,0	2,161,0,0,0,0,0,5,28,6,951,492,0	0,0,0,0,0,0,63,57,0,0	1,1,0,0,0,166,241,120,67,0	952	150
4060	0,478,472,233,0,0,0,11,11,0,223,602,0	90,195,0,0,0,357,0,0,58,0,42,1,0	0,0,0,0,0,1,0,109,110,0	0,0,0,0,0,58,168,0,67,0	1704	150
4069	23,2,0,0,0,0,0,0,0,0,0,0,0	0,166,0,39,0,119,0,1,4,494,249,0,0	0,0,0,0,0,71,1,198,2,0	0,0,0,0,0,164,259,11,7,108	286	150
4092	0,0,0,0,0,0,0,0,0,0,0,0,213	0,0,0,0,0,0,0,0,0,0,0,0,0	0,224,0,0,0,0,0,0,0,0	0,0,0,0,0,0,0,0,271,0	204	150
4094	0,0,0,0,0,0,0,0,0,0,0,0,0	0,0,0,0,83,0,65,0,0,0,4,0,0	0,0,0,0,0,0,5,0,0,0	0,0,0,0,0,62,278,0,12,123	667	150
4095	0,8,0,0,0,0,0,0,0,0,0,0,0	0,0,0,0,0,0,0,0,0,0,0,0,0	0,0,0,0,0,0,0,0,0,0	0,0,0,0,0,0,0,0,7,0	311	150
4106	0,0,0,0,0,0,0,0,0,0,0,0,0	0,0,50,0,0,49,0,0,0,2,0,9,0	0,0,0,0,0,0,0,0,0,73	0,0,0,0,0,30,100,0,0,0	773	150
4111	0,10,0,0,0,0,0,0,0,0,0,6,0	10,0,0,0,0,0,0,0,0,0,0,1,0	0,0,0,0,0,0,0,0,19,0	0,0,0,0,0,0,0,0,0,0	982	150
4117	7,174,0,0,0,14,0,0,0,164,0,0,0	0,2,0,0,0,0,0,0,0,0,0,0,0	0,0,0,0,0,0,5,0,158,0	0,0,0,0,0,0,0,0,0,0	440	150
4123	3,10,0,0,0,2,0,0,0,0,573,0,0	3,0,0,0,462,0,0,0,0,0,0,0,0	0,0,0,0,7,0,133,0,0,0	0,0,0,0,0,0,0,0,0,0	156	150
4151	0,0,0,0,0,0,0,0,15,0,0,0,0	1,79,1,209,0,66,0,0,0,0,3,0,0	0,0,0,0,0,0,0,0,0,0	0,6,0,0,0,0,2,0,0,1	198	150
4163	0,139,0,16,0,0,0,0,0,0,0,0,0	0,2,0,0,0,0,0,0,15,1,0,0,0	217,0,0,0,2,0,0,0,39,0	0,0,0,0,0,42,328,0,0,0	1470	150
4202	0,0,0,0,0,0,0,0,0,0,1,0,0	0,0,0,0,0,0,0,0,31,0,0,0,0	0,0,0,0,0,0,0,0,0,0	0,0,0,0,0,39,0,0,0,0	176	150
4207	0,0,0,0,0,40,0,0,31,0,0,0,0	0,0,0,0,0,0,0,0,0,0,0,1,4	0,0,0,0,0,0,66,0,0,0	0,0,0,0,2,0,0,127,0,0	243	150
4213	0,171,0,0,0,289,0,2,4,2,717,0,0	0,0,0,0,0,0,0,1,16,0,0,0,0	0,0,0,1,0,2,96,3,0,0	0,0,0,0,0,0,0,0,0,0	207	150
4219	0,0,12,0,0,0,0,0,6,0,8,0,0	0,89,201,70,0,0,0,0,0,0,0,0,1	0,0,0,278,0,0,0,0,0,0	0,0,0,0,0,1,0,0,217,67	195	150
4226	0,0,0,0,0,0,0,0,0,0,0,0,0	0,0,0,0,0,0,0,0,0,0,0,1,0	0,0,0,0,0,0,92,0,0,0	0,0,0,0,0,0,0,0,0,0	445	150
4230	71,271,0,0,0,203,0,28,5,580,1,0,0	0,0,0,0,300,0,0,0,0,0,0,0,0	2,1200,0,0,119,56,40,6,110,0	0,676,0,0,0,74,0,0,0,0	728	150
4238	0,54,0,0,0,0,0,0,0,0,0,0,0	0,0,0,0,0,0,0,0,0,0,0,0,0	0,0,0,0,0,0,13,0,229,0	3,0,0,0,0,0,0,0,0,0	156	150
4240	0,19,0,0,0,0,0,0,0,0,0,0,0	0,59,0,0,0,0,0,0,0,0,0,0,0	0,0,0,0,0,1,0,0,0,0	0,0,0,0,0,0,0,0,0,0	235	150
4254	3,1,0,0,0,0,0,0,0,0,0,0,0	0,59,1,0,0,50,1,0,0,0,332,0,0	0,0,0,0,0,0,0,0,0,0	0,0,0,0,0,105,233,0,0,0	189	150
4276	0,82,0,0,6,0,0,0,0,0,321,0,0	2,57,0,0,0,0,0,0,0,0,0,0,0	0,0,0,0,0,0,0,0,93,0	0,0,0,0,0,0,0,0,0,0	566	150
4278	0,47,0,0,99,0,0,0,0,0,0,0,0	0,0,0,0,0,0,159,0,0,0,0,0,0	0,0,0,0,0,0,0,10,0,0	0,0,0,0,0,0,146,134,0,0	178	150
4304	0,0,0,0,0,63,0,0,0,0,0,0,0	11,0,0,0,0,0,0,0,0,0,0,0,0	0,0,0,0,0,0,0,0,0,0	0,0,0,0,0,0,0,0,0,8	200	150
4319	0,315,0,661,0,0,0,416,38,0,518,0,21	0,0,0,0,0,0,0,0,0,0,0,0,0	0,42,0,1,16,156,265,66,0,0	0,0,0,0,0,0,0,0,5,0	538	150
4337	0,28,0,15,0,0,0,0,28,0,327,319,0	0,0,0,0,0,0,0,0,0,0,0,0,0	67,0,0,0,0,1,257,1,0,36	0,0,0,0,0,0,5,0,0,0	177	150
4341	0,0,0,0,0,0,0,0,8,0,0,0,0	61,15,0,0,0,0,1,317,11,0,212,187,0	0,0,0,0,0,0,0,0,0,0	0,0,0,0,0,42,0,0,0,0	317	150
4345	0,0,0,0,0,0,0,0,37,0,0,0,0	0,0,1,0,0,0,0,0,0,0,0,0,0	0,0,0,1,0,0,0,0,155,0	0,0,0,0,0,0,0,0,1,0	154	150
4348	0,0,0,0,0,0,0,9,0,0,0,0,0	0,46,0,0,0,0,0,3,0,0,583,0,0	0,0,0,0,0,0,0,0,0,0	0,95,0,0,0,39,490,1,32,106	192	150
4352	0,26,0,0,0,0,0,0,0,0,0,0,0	0,0,0,0,0,0,0,0,0,0,0,0,0	0,0,0,0,0,0,0,0,0,0	0,6,0,0,0,57,0,0,0,0	290	150
4355	1,0,0,289,0,0,0,0,0,0,0,249,0	0,178,0,0,0,51,0,0,0,0,0,51,0	0,0,0,0,0,0,1,0,0,0	0,0,0,0,0,0,0,0,0,0	196	150
4359	0,0,0,0,0,0,0,0,0,0,0,0,0	0,8,0,0,0,0,0,0,0,0,0,0,0	0,0,0,0,0,0,0,0,0,2	0,0,0,0,0,0,0,0,0,0	341	150
4377	0,0,0,0,0,0,0,0,0,1,0,0,0	0,0,0,0,0,0,0,0,0,0,0,0,0	0,0,0,0,0,0,0,0,0,0	0,0,0,0,0,0,0,16,0,0	358	150
4387	0,33,0,0,0,0,0,0,0,0,0,0,0	0,0,0,0,0,0,0,0,0,0,0,0,0	0,0,0,0,0,0,0,0,0,0	0,33,0,0,0,0,0,0,0,0	169	150
4392	0,0,0,0,0,0,0,0,0,0,0,0,0	0,176,0,0,0,0,0,0,0,0,25,44,0	0,0,0,0,0,76,0,0,0,0	103,0,0,0,0,0,0,0,0,0	180	150
4406	0,0,0,0,0,0,0,0,0,0,0,0,0	0,11,0,0,0,0,0,0,0,0,0,0,0	0,0,0,0,0,1,221,2,0,0	0,0,0,0,0,0,0,0,0,0	165	150
4414	11,0,0,0,0,24,0,1,0,0,0,1,1	0,0,0,0,0,0,0,0,0,0,0,0,0	0,0,0,0,0,0,0,0,0,0	0,0,0,0,0,100,0,0,0,0	170	150
4415	74,283,22,131,0,59,0,30,83,94,238,409,0	0,0,0,0,289,0,0,0,0,0,0,0,0	978,3,0,0,1,229,730,0,22,0	0,0,0,0,0,0,0,0,0,0	1152	150
4420	0,16,0,0,6,0,0,0,0,0,0,0,0	0,0,0,0,0,0,0,0,0,0,24,0,0	0,0,0,0,0,0,0,0,6,0	0,0,0,0,0,0,0,0,0,0	225	150
4428	0,106,0,0,0,0,0,0,2,0,0,0,0	0,0,0,0,0,0,0,0,0,0,0,0,0	0,0,0,0,0,0,177,0,0,0	0,0,0,0,0,0,0,104,0,0	516	150
4434	0,0,0,2,0,0,0,0,0,0,0,0,0	0,0,0,589,0,0,0,0,26,0,5,0,0	0,0,0,0,0,0,0,0,0,0	0,0,0,0,0,23,0,0,0,0	205	150
4436	0,0,0,0,0,0,0,0,1,0,0,0,0	0,0,0,0,0,0,0,0,0,0,219,0,0	0,0,0,0,0,0,0,1,0,0	0,0,0,0,0,0,0,0,0,0	228	150
4437	72,187,0,74,1,2,199,3,48,7,1588,1323,0	1,198,0,461,0,2,200,0,74,129,1315,264,0	0,1542,0,0,101,513,2264,0,62,1399	0,190,0,21,7,59,2070,0,0,630	255	150
4451	52,11,4,0,0,45,0,1,0,89,0,0,0	0,51,0,0,0,0,0,0,0,0,0,0,0	7,0,0,0,0,0,0,0,6,12	0,0,0,0,0,0,0,0,0,0	862	150
4469	0,53,0,1,1,0,0,0,0,0,0,0,0	0,0,0,0,0,0,0,0,0,0,3,0,0	180,0,0,0,0,0,0,0,0,47	0,0,0,0,0,0,0,0,0,0	238	150
4479	0,0,0,0,0,0,36,0,0,33,0,0,0	0,224,61,26,0,39,1,362,49,0,224,147,0	0,0,0,0,0,74,192,22,0,15	124,0,0,0,0,41,201,0,0,97	275	150
4487	0,34,0,0,0,1,0,0,0,0,76,0,0	34,0,0,0,0,0,0,0,0,0,0,0,0	0,0,0,0,0,45,0,0,0,0	0,0,0,0,0,0,0,0,66,0	162	150
4488	0,0,0,0,0,0,0,0,12,0,0,0,0	0,0,0,0,0,0,0,0,0,0,0,291,0	0,0,0,0,0,0,0,0,0,85	0,0,0,278,0,0,32,0,0,0	198	150
4492	0,73,0,0,0,0,0,0,0,0,0,0,0	0,0,0,0,0,0,2,217,0,0,0,0,0	0,0,0,0,0,0,0,6,0,0	0,0,0,0,0,0,0,0,0,0	437	150
4494	0,178,0,0,0,0,0,0,0,0,1,715,0	0,16,2,0,0,0,0,0,0,0,1,0,0	0,0,0,2,0,0,0,0,0,0	0,22,0,0,24,0,88,6,0,0	1271	150
4495	0,0,0,0,0,0,0,0,0,0,0,0,0	0,0,0,0,0,0,0,0,0,0,0,4,0	0,0,0,0,0,0,0,77,0,0	0,0,0,0,0,0,0,0,0,0	195	150
4504	0,0,0,0,0,0,0,0,0,0,0,0,0	0,36,0,0,0,0,0,0,0,0,20,0,0	0,0,0,0,0,0,0,0,6,0	0,0,0,0,0,0,0,0,0,0	380	150
4508	0,0,0,0,0,0,0,0,0,0,51,0,0	0,65,0,0,0,0,0,0,0,0,257,0,0	0,0,0,0,0,0,0,0,0,0	0,0,0,0,0,0,0,1,0,0	276	150
4516	50,71,0,0,0,36,0,0,25,0,73,2,0	0,9,0,0,0,0,0,0,0,0,0,0,0	796,0,0,0,0,12,21,169,190,116	0,0,0,0,0,0,0,0,0,0	542	150
4529	0,58,0,0,0,0,0,0,0,0,0,0,0	0,0,0,0,0,0,0,0,0,0,0,0,0	0,0,0,0,0,0,0,0,28,0	0,0,0,0,0,8,0,0,0,0	207	150
4543	0,0,37,0,0,0,0,0,11,0,326,0,0	0,0,0,0,0,0,0,0,0,0,0,0,0	235,0,0,0,0,206,0,0,4,0	0,34,0,0,0,0,0,0,0,330	181	150
4555	0,0,0,0,0,0,0,0,0,0,0,0,0	0,2,0,0,0,208,0,0,1,0,0,0,0	0,0,0,0,0,1,0,0,0,0	0,0,0,0,0,0,0,0,0,0	159	150
4565	0,0,0,0,0,0,0,0,0,1,0,0,0	0,0,6,0,0,0,0,0,0,0,0,0,0	0,0,0,0,0,16,0,0,0,0	0,0,0,0,0,0,0,79,0,0	189	150
4567	0,0,0,0,0,0,0,0,0,0,0,0,0	0,27,0,0,0,0,0,0,0,0,0,0,0	0,0,0,0,0,79,0,0,0,0	0,0,0,0,0,0,94,0,0,0	154	150
4579	0,0,0,0,0,0,0,0,1,0,0,16,0	0,12,0,0,0,0,0,0,7,0,0,0,0	0,279,0,0,0,0,0,0,0,7	0,0,0,0,0,0,0,0,0,0	187	150
4627	0,0,0,0,0,0,0,0,3,0,0,0,0	0,0,0,0,0,0,0,0,0,0,276,0,0	0,0,0,0,0,0,1,0,0,0	0,0,0,0,0,0,0,0,0,0	655	150
4628	0,0,4,0,0,137,0,0,0,0,0,0,0	13,0,0,0,0,42,0,0,14,0,0,0,0	0,0,0,0,0,0,0,0,0,0	0,0,0,0,0,41,8,10,0,0	240	150
4629	113,742,203,582,13,0,0,0,73,2,2608,434,0	3,0,0,0,0,0,0,0,0,0,0,0,0	25,633,0,0,167,285,1019,2,0,0	0,0,0,0,0,0,0,0,0,0	3726	150
4639	0,0,0,130,0,0,0,0,0,0,0,208,1119	0,0,0,0,0,0,0,0,0,0,0,0,0	0,0,0,0,0,0,0,0,0,0	0,0,0,0,0,0,0,20,0,0	255	150
4657	0,81,0,1,0,0,1,0,0,0,443,0,1	0,0,0,0,0,0,0,0,0,0,0,127,1	0,0,0,0,0,30,372,0,0,0	0,0,0,0,0,0,0,0,0,0	159	150
4658	0,0,0,0,0,0,0,0,0,0,0,0,0	0,106,0,0,0,0,0,0,10,0,2,0,0	0,0,0,0,0,11,19,0,1,0	0,0,0,0,0,0,231,0,0,0	228	150
4660	0,46,0,0,0,0,0,0,0,0,0,0,0	0,0,0,0,0,1,0,0,0,0,0,0,0	0,0,0,0,0,33,0,0,0,0	0,0,0,0,0,0,0,0,0,0	267	150
4661	0,0,0,0,0,0,0,0,0,0,0,0,0	0,0,0,0,0,1,0,0,0,0,0,0,0	0,0,0,0,0,2,0,0,0,22	0,0,0,0,0,0,0,0,0,0	334	150
4662	0,0,0,0,0,0,0,0,0,0,0,0,0	0,46,0,0,0,0,0,0,0,0,0,0,0	0,0,0,0,0,2,0,0,0,22	0,0,0,0,0,33,0,0,0,0	217	150
4686	0,0,0,0,0,0,0,1,9,0,0,52,0	0,234,0,0,0,0,0,0,0,454,0,0,1	0,0,0,0,0,0,0,0,0,0	0,0,0,0,0,0,135,0,0,0	669	150
4705	0,0,0,0,0,0,0,0,2,0,0,0,0	113,514,0,0,79,1,0,67,23,0,603,1,1217	0,0,0,0,0,0,0,0,0,0	265,112,0,0,0,276,318,191,158,0	232	150
4738	0,0,0,0,0,0,0,257,8,0,0,0,0	0,0,0,0,0,0,0,0,0,0,1,0,0	0,0,0,0,0,0,76,0,0,0	0,0,0,0,0,0,0,0,0,0	156	150
4739	0,0,0,0,0,0,0,0,0,0,0,0,0	0,48,0,0,0,102,0,0,0,0,44,0,0	0,0,0,0,0,0,0,0,1,0	0,0,0,0,0,0,0,0,0,0	213	150
4747	0,0,0,0,0,0,0,1,2,0,0,0,0	0,0,0,0,0,0,0,0,0,0,0,0,0	0,0,0,0,0,0,0,33,0,0	0,0,0,0,0,0,2,0,0,0	156	150
4754	0,41,0,0,0,0,0,0,0,0,0,0,0	0,0,0,0,0,0,0,0,0,0,0,0,0	0,0,0,0,0,0,0,0,0,0	0,0,0,0,0,0,6,0,0,0	160	150
4761	0,0,0,0,86,0,0,0,0,0,0,0,0	0,69,0,0,0,91,0,0,0,0,9,0,0	0,0,0,0,0,0,0,0,0,0	0,0,0,0,6,0,29,0,0,0	183	150
4766	0,125,0,0,257,0,0,0,8,0,0,0,0	0,37,0,0,0,0,0,0,0,0,0,0,0	0,36,0,80,0,14,0,0,0,2	0,0,0,0,0,0,0,0,0,0	264	150
4771	0,56,0,0,0,0,0,0,0,0,115,0,0	0,0,0,0,0,0,0,0,0,0,0,0,0	0,0,0,0,0,0,0,0,0,0	0,0,0,0,0,0,0,0,21,0	577	150
4773	0,0,0,0,31,0,0,0,0,0,0,0,0	0,0,0,0,0,0,0,0,0,0,0,0,0	0,0,0,0,0,0,0,0,0,0	0,0,0,0,0,110,40,0,0,0	211	150
4776	0,0,0,0,0,40,0,0,0,0,0,0,0	0,0,0,0,0,0,0,0,0,0,0,0,0	0,0,0,0,0,0,0,0,0,0	0,0,0,0,0,1,0,0,0,0	165	150
4777	0,0,0,0,0,0,0,203,0,0,0,0,0	0,2,0,0,0,5,0,0,0,0,3,0,0	0,51,0,0,0,0,0,0,0,0	195,176,0,0,0,17,12,0,0,0	178	150
4804	3,142,68,0,115,0,0,0,36,20,1451,0,0	0,50,0,0,0,0,0,19,23,0,0,0,0	4,188,0,0,80,31,429,0,86,57	394,7,0,0,37,0,605,69,1,15	579	150
4805	0,83,38,0,0,116,0,0,0,0,0,0,0	0,25,0,0,0,18,0,0,0,0,0,0,0	0,0,0,0,0,115,2,153,101,0	0,0,0,0,0,0,0,0,0,0	159	150
4808	0,0,0,0,0,0,0,0,5,0,0,0,0	12,21,0,42,0,0,0,0,17,0,233,0,0	0,0,0,0,0,0,0,0,0,0	17,61,0,0,0,129,4,0,2,0	156	150
4810	0,3,0,0,0,0,0,0,0,0,0,0,0	0,2,0,0,0,0,0,0,0,103,205,0,0	60,9,0,0,1,7,0,0,0,0	0,60,0,0,0,7,1,0,24,0	156	150
4829	0,0,0,40,144,0,0,0,0,0,41,0,0	0,70,0,0,0,0,0,0,0,0,0,0,0	0,0,0,0,0,1,30,0,4,97	0,0,0,0,0,0,0,0,100,0	338	150
4831	1,34,0,0,0,0,0,0,14,0,0,0,0	0,0,0,0,0,96,0,0,33,0,0,0,0	0,0,0,0,0,21,0,0,0,0	0,0,0,0,0,0,2,0,0,0	225	150
4834	0,0,0,0,0,0,0,0,0,0,0,0,0	0,46,0,0,0,0,0,0,28,0,0,0,0	0,0,0,0,0,23,0,0,0,0	0,0,0,0,0,0,148,0,0,0	195	150
4841	7,4,0,0,0,0,0,0,5,0,0,0,0	0,0,0,0,0,0,0,0,0,0,0,0,0	0,0,0,0,0,10,0,0,0,0	0,26,0,0,23,0,0,4,0,0	180	150
4847	0,62,0,0,0,0,0,0,2,0,0,0,0	0,0,0,0,0,1,0,0,0,0,0,0,0	0,0,0,0,0,44,0,0,90,0	0,0,0,0,0,0,0,0,0,0	188	150
4853	0,0,0,0,0,500,0,0,16,0,17,0,0	0,0,0,0,0,0,0,0,0,0,0,0,0	12,0,0,0,0,0,0,0,0,0	0,0,0,0,0,0,97,0,0,0	495	150
4870	0,0,0,105,0,4,0,0,0,203,0,0,0	0,1,0,0,0,0,0,0,0,0,0,0,0	0,18,0,0,0,89,112,0,1,0	0,0,0,0,0,0,0,0,0,0	1742	150
4882	0,0,0,0,0,0,0,0,0,0,0,0,0	0,49,0,0,0,0,0,0,0,0,0,0,0	0,0,0,0,0,0,0,0,11,0	0,0,0,0,0,0,0,0,0,0	158	150
4890	0,91,0,91,0,0,0,0,0,0,0,0,0	0,0,0,0,2,0,0,0,0,0,24,90,0	0,0,0,0,0,0,0,0,60,0	0,0,0,0,0,0,0,0,0,0	263	150
4893	0,0,0,0,0,0,0,0,0,0,0,0,0	0,0,0,0,0,0,0,0,14,0,0,0,0	0,0,0,0,0,0,0,0,2,0	0,0,0,0,0,1,0,34,0,0	172	150
4902	0,0,0,0,0,0,0,0,0,0,0,0,0	263,0,0,0,0,0,0,0,0,0,0,0,0	0,0,0,0,0,70,0,0,0,0	0,0,0,0,0,0,0,0,0,0	159	150
4910	0,0,0,12,0,0,0,189,0,0,0,0,0	0,0,0,0,108,0,0,0,0,0,122,0,0	0,113,0,0,0,0,0,0,0,184	0,0,0,0,0,0,0,0,23,0	159	150
4915	0,0,0,0,0,0,0,0,24,0,0,0,0	0,0,0,0,0,0,0,0,7,0,0,0,0	0,0,0,0,0,0,0,0,0,0	254,96,0,0,0,0,67,0,35,0	162	150
4917	0,0,0,0,0,0,0,0,0,0,0,0,0	0,150,0,0,0,0,1,0,0,0,0,901,0	0,0,0,0,0,0,2,44,0,0	1,0,0,0,0,11,71,0,127,4	174	150
4924	0,0,0,0,0,0,0,0,0,0,48,0,0	0,0,0,0,0,0,0,0,0,0,0,232,0	0,204,0,0,0,0,223,0,0,0	0,0,0,0,9,0,0,0,0,0	313	150
4935	0,7,0,4,0,0,16,0,0,0,0,43,0	1,100,0,0,0,52,0,0,26,0,0,0,1	0,0,0,0,0,31,0,77,0,0	0,0,0,0,0,5,0,23,0,26	397	150
4936	0,4,0,2,0,0,0,0,0,0,0,43,0	1,100,0,0,0,52,0,0,26,0,0,0,1	0,0,0,0,0,31,0,77,0,0	0,0,0,0,0,5,0,23,0,26	299	150
4937	0,4,0,2,0,0,16,0,0,0,0,43,0	1,100,0,0,0,52,0,0,26,0,0,0,1	0,0,0,0,0,31,0,77,0,0	0,0,0,0,0,5,0,23,0,26	334	150
4941	0,0,508,128,0,0,0,0,0,0,0,0,0	7,158,0,0,0,52,0,0,26,0,0,0,0	0,0,0,0,0,0,0,0,2,0	0,0,0,0,0,55,2,23,0,0	229	150
4942	0,0,0,0,0,0,0,0,0,0,184,0,0	0,59,0,0,0,27,0,0,0,446,0,0,0	0,0,0,0,0,0,0,0,0,0	0,17,0,0,0,98,0,0,73,0	155	150
4954	0,47,1,0,0,26,0,57,6,0,0,3,0	0,46,0,0,0,65,0,0,15,0,0,0,0	0,0,0,0,0,0,52,0,0,0	0,0,0,0,0,0,275,0,0,0	547	150
4959	0,0,0,0,0,0,0,0,0,0,0,0,0	189,0,0,0,0,238,0,0,0,0,0,23,0	0,0,0,0,0,21,0,0,0,0	0,0,0,0,0,1,0,0,0,0	172	150
4962	0,29,0,6,0,0,0,0,0,0,0,0,0	0,0,0,327,0,0,0,0,0,0,0,0,0	0,0,0,0,0,0,0,0,0,0	0,0,0,0,0,14,0,0,0,0	395	150
4963	0,0,0,0,0,2,0,0,0,0,0,0,0	0,0,0,0,0,0,0,0,0,0,0,0,0	0,0,0,0,0,0,0,0,0,0	0,0,0,0,0,0,0,0,6,0	165	150
4966	0,0,0,0,0,0,0,0,19,0,0,0,0	0,0,0,0,0,0,0,0,3,0,0,0,0	0,0,0,0,0,0,0,0,0,0	0,1,0,0,0,0,64,0,317,0	387	150
4983	0,9,0,0,0,0,0,0,0,0,0,0,0	88,0,0,0,0,0,0,0,0,0,0,0,0	0,0,0,0,0,0,0,0,78,32	0,0,0,0,0,0,0,0,0,0	192	150
4990	0,33,0,0,0,0,0,0,0,0,0,0,0	0,0,0,0,0,0,0,0,0,0,0,0,0	0,0,0,0,0,0,0,4,0,0	0,0,0,0,0,5,0,0,0,0	237	150
4994	0,0,0,0,0,0,0,0,0,0,0,0,0	0,1,0,0,0,0,0,0,0,0,0,0,0	0,0,0,0,0,0,0,84,0,0	0,0,0,0,0,0,0,0,0,0	774	150
5004	0,0,0,0,0,0,0,0,0,0,0,0,0	0,8,0,472,0,0,0,0,0,0,0,14,0	0,0,0,0,0,33,0,0,0,0	0,0,0,0,0,0,136,6,0,0	218	150
5008	1,75,0,0,0,116,0,415,0,1,0,0,0	0,0,0,0,0,0,0,0,0,0,0,0,0	0,0,0,0,0,34,2,110,0,0	0,0,0,0,0,0,0,0,4,0	174	150
5009	0,0,0,0,0,0,0,0,0,0,0,0,0	4,51,0,0,0,0,0,0,16,0,403,0,0	137,0,0,0,0,0,62,0,0,0	0,0,0,0,0,0,3,0,22,0	162	150
5029	0,52,0,0,0,0,0,0,0,0,0,10,0	0,70,0,0,0,0,0,0,0,2,0,0,0	35,0,0,0,0,0,0,0,0,0	132,66,0,0,38,0,12,64,0,0	239	150
5036	0,29,9,33,0,99,0,0,1,0,0,120,0	23,135,238,0,0,80,0,169,0,0,0,0,0	0,0,0,0,0,12,46,85,0,1	0,0,0,0,0,39,0,0,0,0	921	150
5055	0,10,6,0,2,0,0,0,48,0,347,0,0	0,65,0,0,0,0,0,0,0,0,0,0,0	66,1,0,0,1,20,0,0,175,134	0,0,0,0,0,0,52,0,0,0	1847	150
5064	1,0,0,0,15,0,0,0,0,0,0,4,0	0,38,0,0,0,0,0,0,0,0,0,0,0	0,0,0,0,0,14,663,0,0,0	0,0,0,0,0,0,0,0,0,0	1415	150
5067	141,0,0,0,0,0,0,0,21,0,0,0,0	0,56,0,0,0,0,0,0,20,0,0,0,0	0,0,0,0,0,0,0,0,0,0	108,0,0,0,0,0,0,0,0,0	205	150
5068	0,0,0,0,0,0,0,0,0,0,0,0,0	0,31,0,0,0,0,0,0,0,0,0,0,0	0,0,0,0,0,22,0,0,0,0	0,0,0,0,0,0,0,0,0,0	245	150
5071	0,70,0,0,0,0,0,0,0,0,0,0,0	0,27,0,0,0,0,0,0,0,0,0,0,470	0,0,0,0,0,26,0,0,0,0	1,0,0,0,0,3,0,0,0,0	263	150
5081	0,0,0,0,0,0,0,0,0,0,0,269,0	0,45,0,0,0,0,0,0,0,0,27,0,0	0,0,0,0,0,0,0,0,0,0	4,0,0,0,0,44,14,7,0,2	166	150
5096	0,71,0,0,0,0,0,0,0,0,0,0,1	0,0,0,0,0,0,0,454,0,0,1,361,0	0,0,0,0,0,64,0,0,12,4	0,0,0,0,1,0,87,0,6,116	240	150
