ID	IJC_SAMPLE_1	SJC_SAMPLE_1	IJC_SAMPLE_2	SJC_SAMPLE_2	IncFormLen	SkipFormLen
5	0,0,0,0,0,0,0,0,0,0,0,92,0	0,0,0,0,0,0,0,0,0,0,0,0,0	0,0,0,0,0,0,0,0,0,0	0,0,0,0,0,26,0,0,0,0	204	285
10	0,96,0,0,0,0,0,0,0,0,133,0,0	0,0,0,0,0,0,0,0,1,0,0,0,0	0,0,0,0,0,0,0,0,0,0	0,0,0,0,0,0,69,0,0,0	195	225
15	0,33,0,0,0,0,0,0,1,0,112,0,0	5,86,0,0,0,77,0,0,0,0,0,0,0	0,0,0,0,0,0,0,0,31,0	0,0,0,0,0,4,13,0,0,0	255	399
25	0,0,0,0,0,0,0,0,0,0,319,0,0	0,0,0,0,0,0,0,0,0,0,0,0,0	0,0,0,0,0,0,0,0,0,0	0,0,0,0,0,70,0,0,0,0	188	347
26	0,0,0,0,0,0,0,0,0,0,185,2,0	0,0,0,0,0,0,0,0,0,0,0,0,0	0,0,0,0,0,0,0,0,0,18	0,0,0,0,0,70,0,0,0,0	331	347
27	0,0,0,0,0,0,0,0,0,0,185,2,0	0,0,0,0,0,0,0,0,0,0,0,0,0	0,0,0,0,0,3,0,0,0,18	0,0,0,0,0,70,0,0,0,0	300	347
28	0,0,0,0,0,0,0,0,0,0,185,2,0	0,0,0,0,0,0,0,0,0,0,319,0,0	0,0,0,0,0,0,0,0,0,18	0,0,0,0,0,0,0,0,0,0	331	188
29	0,0,0,0,0,0,0,0,0,0,185,2,0	0,0,0,0,0,0,0,0,0,0,319,0,0	0,0,0,0,0,3,0,0,0,18	0,0,0,0,0,0,0,0,0,0	300	188
31	0,0,0,0,0,0,0,0,0,0,185,2,0	0,0,0,0,0,0,0,0,0,0,319,0,0	0,0,0,0,0,0,0,0,0,18	0,0,0,0,0,0,0,0,0,0	331	188
37	0,88,0,0,0,0,0,1,63,0,12,0,0	0,147,1,1,0,0,0,158,45,0,2,0,30	238,0,0,0,0,122,0,0,0,0	268,16,0,0,0,0,9,0,0,0	267	381
41	3,19,0,233,0,0,0,0,2,0,0,1,0	0,0,0,1,0,0,0,0,0,0,0,0,0	0,466,0,0,0,0,139,150,0,0	0,0,0,0,0,50,361,0,1,0	177	174
43	0,0,0,0,0,1,0,0,0,0,0,0,0	0,41,0,0,0,0,0,0,2,0,0,39,0	0,0,0,0,0,0,0,0,0,0	1,0,0,0,0,0,0,0,0,0	182	209
48	0,90,0,0,1,1,0,19,0,0,239,0,0	0,60,0,67,0,0,0,0,3,0,0,0,0	0,5,0,0,0,4,0,0,0,0	0,0,0,0,0,70,2,0,3,0	302	273
49	0,0,0,0,0,0,0,0,0,0,0,0,0	11,71,0,0,0,0,0,0,0,0,0,0,0	0,359,0,0,0,0,0,0,0,0	0,3,0,0,0,0,0,0,0,0	219	185
50	0,89,0,0,0,0,0,0,0,0,0,159,0	0,62,0,0,4,4,0,0,0,0,3,0,0	0,0,0,0,0,8,98,0,0,0	0,0,0,0,0,0,150,0,327,0	276	299
52	59,55,0,0,0,0,0,0,12,572,340,40,965	0,0,0,0,0,0,0,0,0,0,0,0,0	84,0,0,0,34,53,126,72,0,99	0,0,0,0,0,57,0,0,0,0	330	222
53	59,55,0,0,0,0,0,0,12,572,340,40,965	0,0,0,0,0,0,0,0,0,0,0,0,0	84,0,0,0,34,53,126,72,0,99	0,0,0,0,0,57,0,0,0,0	330	225
54	0,123,0,0,0,50,0,19,0,0,775,1,0	0,0,0,0,0,0,0,0,0,0,0,0,0	220,0,0,0,0,97,33,1,5,0	0,0,0,0,0,57,0,0,0,0	258	225
65	7,99,0,0,0,0,0,0,0,0,0,0,0	0,0,0,0,0,0,0,0,1,0,0,0,0	0,0,0,0,0,58,0,8,0,0	0,0,0,0,0,21,0,0,0,0	300	239
69	0,2,0,0,0,132,0,0,0,0,0,0,0	0,0,0,0,0,0,0,0,0,0,0,0,0	0,0,0,0,0,0,153,0,0,0	0,0,0,0,0,0,22,0,0,0	199	192
74	0,0,0,0,0,0,0,0,30,0,0,0,0	0,0,27,0,0,0,0,0,30,0,251,0,0	0,0,0,0,0,0,0,0,111,0	0,0,0,0,0,0,228,0,0,0	305	289
75	27,0,0,0,0,0,0,0,0,0,0,0,0	0,0,0,0,0,0,0,0,0,0,0,0,0	0,0,0,0,0,0,0,0,0,0	0,0,0,0,0,0,0,47,0,0	289	341
76	0,5,0,0,0,0,0,0,0,0,0,0,0	4,0,0,0,222,0,0,0,0,0,16,0,0	0,296,0,0,0,0,0,0,0,0	8,0,0,0,51,0,7,8,0,0	298	420
78	0,174,0,0,0,0,0,0,0,0,0,0,0	0,0,0,0,0,0,2,0,0,0,0,0,0	0,0,0,0,0,0,0,0,0,67	0,0,0,0,35,0,150,0,6,0	252	248
80	0,0,0,185,0,0,0,0,0,0,0,1,0	73,0,0,0,16,0,0,0,0,0,0,0,0	0,0,0,0,0,0,0,0,97,0	0,0,0,0,0,0,0,0,0,0	343	209
81	0,1,0,0,0,1,0,0,9,0,241,0,0	0,125,0,0,0,0,0,1,6,1,0,0,0	0,0,0,0,0,115,0,0,0,0	0,0,0,0,0,104,0,0,44,85	226	226
85	0,0,0,59,0,0,0,0,0,0,0,0,0	0,0,0,184,0,0,0,0,0,0,0,0,0	0,0,0,0,0,0,74,0,0,1	0,0,0,0,0,0,0,0,0,0	159	171
86	0,0,0,0,0,0,0,0,41,0,0,0,0	0,111,0,184,0,0,0,0,0,0,0,0,0	0,1,0,0,0,0,0,0,0,0	0,0,0,0,0,36,0,0,0,0	219	168
90	0,84,0,11,0,15,0,318,0,0,371,0,0	0,0,0,12,0,0,0,0,22,0,0,50,0	1,0,0,0,0,101,1,75,162,0	1,0,0,0,0,0,0,3,0,0	367	263
93	0,0,0,0,12,0,0,0,0,0,0,0,0	0,0,0,0,0,30,0,0,0,0,0,0,0	0,0,0,0,0,0,3,0,0,0	0,0,0,0,0,0,0,0,0,0	212	248
97	0,0,0,0,0,0,0,0,0,0,0,0,0	0,3,0,0,0,0,0,0,24,0,0,0,0	0,0,0,0,0,0,0,0,2,0	0,0,0,0,0,0,0,0,0,0	272	256
113	0,57,0,0,0,0,0,0,0,0,0,0,0	0,72,0,0,0,0,0,12,13,0,2,0,0	0,0,0,0,0,0,0,0,0,11	326,0,0,0,0,36,51,0,0,0	193	313
114	0,4,422,0,0,0,0,207,0,0,0,0,0	0,14,64,0,0,0,0,1,0,0,0,0,0	154,0,0,0,0,0,0,0,0,0	0,0,0,0,0,38,1,0,0,0	313	228
115	0,0,0,0,0,0,0,0,0,0,0,3,0	0,0,0,0,0,0,0,0,0,0,291,0,0	0,0,0,0,0,0,0,0,0,0	0,1,0,0,0,0,0,0,0,0	326	600
119	0,0,0,0,0,0,0,0,0,0,0,0,0	0,0,0,0,0,245,0,0,0,0,0,32,0	0,0,0,0,0,0,178,0,0,0	0,0,0,0,0,13,0,0,0,0	565	241
126	0,0,0,0,0,0,0,0,0,0,0,0,0	0,0,0,0,0,137,0,0,0,1,441,0,0	531,0,0,0,0,0,0,0,0,0	378,1,0,0,0,0,1,0,1,0	259	290
128	0,131,0,0,0,0,0,0,0,0,157,0,0	0,0,0,0,0,0,0,0,0,0,0,0,0	0,0,0,0,0,0,0,0,0,0	0,0,0,0,0,0,1,0,0,0	203	207
154	0,82,316,0,0,0,0,0,0,0,380,0,0	62,600,0,60,79,199,0,50,30,294,1909,467,2	2,0,0,0,0,0,206,0,0,0	646,1449,0,1,3,269,549,3,1013,64	312	1933
156	0,0,0,0,0,2,0,0,0,190,0,0,0	0,18,0,0,0,0,0,0,0,0,0,0,0	0,0,0,0,0,0,0,0,0,0	0,0,0,0,0,44,0,0,0,0	203	318
157	0,0,0,0,0,0,0,654,0,0,0,0,0	0,0,0,0,0,0,0,0,0,0,0,0,0	0,1,0,0,0,0,0,0,0,0	0,0,0,0,0,1,0,0,0,0	262	203
160	0,99,0,0,0,0,0,0,0,0,0,0,0	0,0,0,0,0,0,0,0,0,0,0,0,0	0,0,0,0,0,0,0,12,0,0	0,0,0,0,0,0,0,133,0,0	295	296
161	0,99,0,0,0,0,0,0,0,0,0,0,0	0,0,0,0,0,0,0,0,0,0,0,0,0	0,0,0,0,0,0,0,0,0,0	0,0,0,0,0,0,0,133,0,0	276	296
164	27,0,0,0,0,0,0,0,0,0,0,0,0	0,6,0,0,0,0,0,0,0,0,0,0,0	0,0,0,0,0,0,0,0,0,0	0,0,0,0,0,10,0,0,0,0	254	209
166	0,0,0,0,0,0,0,0,0,0,0,0,0	5,0,0,0,0,0,0,1,42,0,0,0,0	0,0,0,0,0,23,0,0,239,0	0,0,0,0,0,0,0,0,65,0	219	318
168	0,0,0,0,0,0,0,0,0,0,0,0,0	0,59,12,69,0,0,0,0,14,0,0,131,0	0,0,0,0,0,0,27,0,0,0	0,0,0,0,0,0,0,0,0,1	186	271
169	0,95,12,0,0,0,0,0,0,0,0,131,0	0,31,0,0,0,13,0,27,0,0,0,1,0	0,0,0,0,0,0,0,0,0,0	106,0,0,0,0,13,20,0,0,0	244	513
170	2,0,0,0,0,0,0,124,0,0,0,0,1	0,0,0,0,0,0,0,0,0,0,0,0,0	0,0,0,0,0,0,0,0,1,0	1,0,0,0,0,0,0,0,0,0	373	314
180	0,56,0,0,0,0,0,0,0,0,0,0,0	0,0,0,0,0,0,1,0,0,0,0,0,0	0,0,0,0,0,0,0,0,0,0	0,0,0,0,0,78,0,0,0,0	186	269
184	78,0,0,0,0,0,0,0,0,0,0,0,0	0,58,176,0,8,0,0,0,0,0,411,2,0	0,0,0,0,0,0,0,0,0,0	0,0,0,0,0,22,0,0,0,0	273	316
189	14,0,0,0,0,0,0,73,0,50,0,29,0	0,36,0,0,0,0,0,0,0,0,0,21,0	244,0,0,0,0,35,39,0,0,0	345,0,0,0,0,0,0,0,0,0	286	241
190	0,0,0,0,0,0,0,0,0,0,0,0,0	0,61,0,0,0,0,0,0,5,0,200,141,0	0,0,0,0,0,13,0,0,0,0	0,662,0,0,0,53,1,0,248,0	279	279
208	0,39,0,0,1,9,0,0,0,0,0,0,0	0,165,0,0,0,7,0,0,0,0,0,0,0	1,0,0,0,0,12,67,0,0,0	0,0,0,0,0,64,206,0,0,0	306	294
210	0,0,0,0,0,0,0,0,0,0,0,0,0	0,2,0,0,0,0,0,0,0,0,15,0,0	0,189,0,0,0,0,0,0,0,0	0,0,0,0,0,0,0,0,0,0	241	238
214	0,1,0,0,0,0,0,0,0,0,0,0,0	0,0,0,0,0,0,0,0,0,0,0,0,0	0,0,0,0,0,4,18,0,1,0	0,0,0,0,0,0,11,0,0,0	515	285
215	0,0,0,0,0,0,0,0,0,0,0,0,0	0,0,0,0,0,0,0,6,0,0,0,0,0	0,0,0,0,0,0,0,99,0,0	0,0,0,0,0,0,0,0,0,0	374	304
217	4,0,0,0,0,0,0,0,0,0,52,0,0	0,0,0,0,0,0,0,0,1,0,522,0,0	0,0,0,0,0,6,0,0,0,204	0,0,0,0,0,43,235,0,59,0	240	366
225	0,87,0,0,1,0,0,0,2,0,0,0,558	0,62,0,0,0,36,0,0,35,0,0,0,0	0,0,0,0,0,0,0,4,0,0	0,0,0,0,0,0,0,0,0,24	275	274
229	0,2,0,0,0,0,0,0,19,0,0,0,0	0,29,1,0,0,0,0,0,0,0,0,0,0	0,0,0,0,0,0,66,0,0,0	0,0,0,0,0,0,0,0,0,0	235	330
233	0,81,0,0,0,0,0,0,0,0,0,0,172	0,1,927,0,0,2,0,0,56,0,0,0,0	0,0,0,0,0,0,0,0,0,0	116,0,0,0,0,12,0,0,0,0	462	441
258	0,31,0,0,0,0,0,0,0,0,0,0,0	10,59,0,91,0,0,0,0,0,0,0,0,0	0,0,0,0,0,0,0,0,0,0	0,0,0,0,0,10,20,0,0,0	212	269
260	0,117,0,0,0,0,0,0,29,0,1,0,0	0,2,0,0,0,0,0,0,25,0,0,0,0	318,4,0,0,0,0,0,176,31,0	0,0,0,0,0,2,379,0,241,0	326	317
267	0,0,0,0,0,0,0,0,0,0,0,0,0	0,0,0,0,0,0,0,0,0,0,165,0,0	0,0,0,0,0,3,6,0,0,0	0,0,0,0,0,0,0,0,0,0	312	270
268	0,0,0,0,0,0,0,0,0,0,0,0,0	0,0,0,0,20,0,0,0,0,0,0,0,0	0,0,0,0,0,0,2,0,0,0	0,0,0,0,0,147,0,0,0,0	183	269
277	0,22,0,0,0,0,0,4,7,0,0,0,0	0,0,0,0,0,0,0,0,0,0,0,0,0	0,0,0,0,0,0,0,0,0,0	0,0,0,0,0,1,0,0,0,0	226	280
280	0,26,0,0,0,0,0,51,0,0,0,0,0	0,9,0,0,0,0,0,0,0,0,0,0,0	0,15,0,0,0,0,0,0,0,0	0,0,0,0,0,0,0,0,0,0	472	275
284	0,83,0,0,0,0,0,284,0,0,0,0,0	31,93,0,0,197,120,0,0,0,0,1,0,0	288,0,0,0,2,38,0,0,222,0	0,0,0,0,0,75,0,0,0,0	390	267
289	0,0,0,0,0,0,0,0,0,0,2,0,0	0,0,0,0,0,0,0,0,0,0,0,0,0	0,0,0,0,0,0,0,0,0,0	0,0,0,0,0,32,0,0,0,0	271	467
293	0,0,0,0,0,0,0,0,0,0,0,0,0	0,0,0,0,0,0,0,0,0,0,150,0,0	0,0,0,0,0,0,1,0,0,0	0,0,0,0,0,0,0,0,0,0	234	296
312	0,0,0,0,0,0,0,0,0,0,10,0,0	0,0,0,0,0,0,0,254,0,0,0,0,0	0,0,0,0,0,0,0,0,0,0	0,0,0,0,0,0,98,43,0,0	242	258
316	0,34,0,0,0,0,0,0,0,0,0,0,0	0,3,0,0,0,0,0,0,24,623,0,0,0	0,0,0,0,0,0,194,0,0,0	0,0,0,0,0,0,0,102,0,0	317	219
334	0,0,0,0,0,0,0,0,0,41,0,0,0	0,12,0,0,0,0,0,0,4,0,0,0,0	0,0,0,0,0,0,132,0,0,0	445,0,0,0,0,0,0,0,0,0	206	354
350	3,1,0,178,0,0,0,0,0,0,0,2,0	0,209,353,248,0,184,0,0,0,0,0,0,0	0,0,0,0,0,1,0,0,0,0	0,0,0,0,0,72,0,0,81,190	246	322
356	0,0,361,0,0,0,0,0,0,0,0,0,0	0,0,0,0,0,0,0,0,0,0,0,0,0	0,1,0,0,0,0,0,0,0,0	0,0,0,0,0,0,0,0,386,0	262	214
357	0,5,361,0,0,0,0,0,0,0,0,0,0	0,0,0,0,0,0,0,0,0,0,0,0,0	0,1,0,0,0,0,0,0,0,0	0,0,0,0,0,0,14,0,0,0	479	291
371	0,56,0,0,0,0,0,0,4,0,0,0,0	0,0,0,83,0,0,0,0,0,0,0,0,0	0,0,0,0,0,0,0,0,0,0	0,0,0,0,11,0,0,0,0,0	263	336
375	1,127,0,0,0,0,0,0,1,0,472,6,1	0,0,0,0,0,253,0,0,0,0,19,0,0	0,0,0,0,0,47,148,106,1,0	0,0,0,0,0,0,179,58,2,155	277	320
377	76,192,806,0,51,249,0,1,75,0,193,12,0	0,111,8,0,123,1,0,4,68,0,0,0,0	16,290,0,0,0,97,607,30,6,0	0,180,0,0,22,1,291,28,148,6	316	247
378	0,45,0,0,0,0,0,0,0,0,0,0,0	0,54,0,0,0,10,0,0,0,0,0,0,0	0,0,0,0,0,0,0,0,0,85	0,0,0,0,0,28,0,0,0,0	238	237
379	0,0,0,0,0,1,0,0,0,0,0,0,0	0,2,0,0,0,57,0,0,0,0,0,0,0	0,38,0,0,0,0,2,0,0,0	0,0,0,0,0,28,56,0,0,0	186	245
381	0,0,0,0,0,0,0,0,0,0,183,0,0	0,0,226,0,0,8,0,0,0,0,9,0,0	0,1,0,0,0,0,0,0,0,0	0,0,0,0,0,0,50,24,0,1	226	226
383	0,2,0,0,0,0,0,0,0,0,183,0,0	2,18,0,0,0,391,0,0,0,0,0,0,0	0,0,0,0,0,10,139,0,0,0	0,484,0,0,0,52,53,0,0,0	251	303
388	0,40,0,0,0,0,0,0,0,0,0,0,0	1,147,0,0,0,0,1,1,0,0,0,0,0	0,0,0,0,0,0,0,0,0,0	0,161,0,0,0,0,103,0,0,0	231	260
389	52,34,0,0,0,0,0,0,0,0,9,4,0	1,147,0,0,0,0,1,1,0,0,0,0,0	305,0,0,0,4,178,31,0,91,0	0,161,0,0,0,0,103,0,0,0	2113	260
394	0,16,0,0,0,0,0,0,0,0,0,0,0	0,64,0,0,0,0,0,0,0,0,0,0,0	0,0,0,0,0,0,6,9,0,0	0,0,0,0,0,56,0,7,0,0	242	206
405	0,0,0,0,0,0,0,0,0,0,0,0,0	0,46,0,0,0,0,0,0,0,0,0,0,0	0,0,0,0,59,175,0,0,0,0	0,0,0,0,0,4,0,0,0,0	289	234
407	0,18,0,49,0,0,0,0,0,2,0,1,0	0,296,220,0,0,84,0,0,19,0,826,1,0	0,0,0,0,0,0,0,9,0,0	1,1,0,0,0,60,1,3,0,0	255	297
422	0,0,0,0,0,0,0,0,0,0,0,0,0	0,0,0,0,0,0,0,0,0,0,0,0,1	42,0,0,0,0,0,5,0,0,0	0,0,0,0,0,0,0,0,0,0	261	320
436	0,0,0,0,125,0,0,0,0,0,0,0,0	0,7,0,0,0,0,0,0,0,0,0,0,0	0,0,0,0,0,0,0,112,0,0	0,0,0,0,0,0,0,0,0,0	236	292
439	60,0,0,0,0,0,0,0,0,0,1,0,0	0,125,0,0,0,0,0,0,0,0,0,1,0	0,0,0,0,0,0,0,0,0,0	0,0,0,0,0,0,0,98,0,0	207	291
440	59,0,0,0,0,0,0,0,0,0,7,2,0	0,148,0,0,0,0,0,0,0,0,1,238,0	0,0,0,0,0,0,0,0,0,0	0,0,0,0,0,1,0,5,0,344	291	294
444	52,142,0,2,0,389,0,0,0,0,11,0,0	0,109,8,46,0,283,0,0,19,0,2,0,0	0,84,0,0,0,28,3,0,0,0	0,418,0,0,0,0,299,0,191,0	183	219
459	40,157,0,0,0,0,0,0,23,0,0,1,0	0,0,0,3,0,0,0,0,0,0,0,0,0	0,0,0,0,0,0,0,135,0,0	0,0,0,0,0,22,281,1,0,0	240	213
460	0,94,0,0,0,0,0,0,0,0,0,14,0	0,12,0,0,0,0,0,0,0,0,0,0,0	92,1,0,0,0,118,324,73,0,0	124,0,0,0,0,0,182,0,0,0	249	240
461	0,59,0,0,0,5,0,0,0,12,0,0,0	3,82,0,0,0,0,0,0,0,0,0,14,0	0,0,0,0,0,0,0,0,0,0	0,0,0,0,0,0,0,12,0,0	220	211
465	17,0,0,0,0,78,0,0,16,0,0,0,0	0,0,0,0,0,0,0,0,0,0,148,0,0	0,0,0,0,0,0,0,0,0,0	0,86,0,0,0,0,0,0,0,0	273	309
474	0,32,0,0,0,6,0,0,0,5,0,0,0	0,12,0,0,0,0,0,0,0,0,0,0,0	0,0,0,0,0,14,0,0,0,0	205,0,0,0,0,0,141,1,0,0	270	258
480	0,74,0,0,0,96,0,0,0,0,0,0,0	0,42,0,0,0,0,0,0,0,0,0,0,0	0,0,0,0,0,60,0,0,0,0	0,0,0,0,0,22,0,0,0,0	218	241
481	0,74,0,0,0,96,0,0,0,0,0,0,0	0,106,0,0,0,0,0,0,0,0,0,0,0	420,0,0,0,0,60,0,0,0,0	0,0,0,0,0,0,0,0,0,0	218	285
488	0,0,0,0,0,0,0,0,0,0,0,0,0	5,0,0,0,0,0,0,400,0,0,0,0,0	1,0,0,0,0,0,0,0,0,0	0,0,0,0,0,0,0,0,0,0	234	222
490	0,0,0,0,0,0,0,0,0,0,77,0,0	0,0,0,0,0,190,0,0,0,0,0,0,0	0,0,0,0,0,0,0,0,0,0	0,0,0,0,0,0,126,0,1,0	216	210
504	0,21,0,0,1,0,0,1,49,0,0,426,0	0,35,0,0,407,0,0,1,3,133,0,394,0	0,0,0,0,0,0,0,0,279,146	0,0,0,565,0,3,249,0,0,0	251	266
505	0,1,0,0,0,0,0,0,0,0,0,422,0	0,0,0,0,0,1,0,0,47,0,0,0,0	0,0,0,0,0,80,52,0,0,50	0,0,0,1,0,72,210,0,0,162	235	251
506	0,0,0,12,87,0,0,0,0,0,209,0,0	0,0,0,0,0,0,0,0,13,0,0,0,0	0,0,0,0,0,0,0,0,0,0	0,0,0,0,0,0,0,48,0,0	230	257
508	86,39,0,0,0,0,0,0,0,0,182,0,0	0,0,0,0,0,0,0,0,0,0,0,0,0	0,1,0,0,0,111,160,0,1,0	0,0,0,0,0,0,0,14,0,0	228	228
510	0,0,0,0,0,0,0,0,0,0,0,0,0	0,24,0,0,0,0,0,0,0,0,0,0,0	0,0,0,0,0,12,0,1,0,0	0,0,0,0,0,0,0,73,0,0	246	244
515	16,0,0,0,0,0,0,0,0,0,0,0,0	0,57,0,1,0,0,0,39,0,146,0,2,0	0,0,0,0,0,0,0,0,0,0	0,11,0,0,17,130,3,0,0,154	318	276
521	0,0,0,0,0,0,0,0,0,0,63,0,0	28,0,0,0,0,0,0,0,0,0,0,0,0	0,0,0,0,0,0,0,0,0,0	2,1,0,0,0,47,1,0,0,0	255	279
526	0,178,0,0,109,2,0,0,0,0,0,0,0	0,0,0,0,0,0,0,0,0,0,0,0,0	0,0,0,0,0,0,0,54,0,0	0,232,0,0,0,0,0,0,105,172	273	327
528	0,0,0,0,0,1,0,1,0,0,0,410,0	8,114,0,0,0,5,0,0,0,0,0,0,0	0,0,0,0,0,0,12,0,3,0	0,0,0,0,0,1,0,0,0,0	342	225
534	0,0,0,0,0,0,0,0,0,0,6,0,0	0,5,0,0,0,0,0,0,0,0,0,0,0	0,0,0,0,0,0,0,0,0,0	0,0,0,0,0,0,0,0,0,235	193	227
535	0,0,0,0,0,0,0,0,0,0,796,0,0	0,0,0,0,0,0,0,0,0,0,1,0,0	0,0,0,0,0,0,0,0,15,0	0,0,0,0,0,0,0,0,0,0	231	216
541	0,0,0,0,0,0,0,0,0,0,0,0,0	0,1,147,0,0,0,0,0,0,0,6,300,0	0,0,0,0,0,0,2,0,0,0	0,0,0,0,0,72,209,1,64,4	227	227
544	0,0,0,0,1,0,0,0,0,0,0,0,0	0,0,0,0,0,10,0,0,13,0,0,1,0	0,0,0,0,0,0,0,0,0,0	0,0,0,0,0,16,0,0,0,0	240	321
546	0,43,20,434,151,47,0,201,0,0,288,0,1	0,2,0,0,0,0,0,0,0,0,0,435,0	2,0,0,0,0,1,222,0,0,0	0,0,0,0,0,0,0,0,0,0	282	288
547	0,0,0,0,0,0,0,0,0,0,0,0,0	56,387,0,0,78,0,0,7,23,0,398,0,1217	24,11,0,0,0,5,4,0,0,0	63,17,0,0,0,222,280,97,0,0	187	200
562	0,136,0,67,0,0,0,0,0,356,0,0,0	4,175,2,162,0,49,0,0,0,0,0,81,0	0,0,0,0,0,0,0,0,0,0	0,0,0,0,0,48,102,74,0,0	334	658
563	0,0,0,0,0,0,0,0,0,0,0,0,0	0,42,0,0,0,0,0,0,0,0,0,0,0	0,0,0,0,0,0,0,36,0,0	0,0,0,0,0,0,112,0,0,0	271	285
581	0,0,0,0,0,1,0,0,0,0,0,0,0	0,3,0,0,0,0,1,0,0,0,0,0,0	0,0,0,0,11,0,0,0,0,0	0,0,0,0,48,0,144,2,0,0	189	207
582	0,92,0,0,0,0,0,0,0,0,0,0,0	0,0,0,239,0,0,0,0,0,0,0,0,0	0,0,0,0,0,0,1,0,0,0	0,0,0,0,0,0,0,0,0,1	284	217
589	0,0,0,0,0,0,0,0,0,0,0,0,1	0,0,0,0,0,3,0,0,0,0,0,0,0	0,0,0,0,0,36,0,76,0,0	0,0,0,0,0,0,0,1,0,0	259	252
592	0,4,0,1,0,55,0,0,0,0,337,0,0	0,0,0,0,0,0,0,0,1,0,0,0,0	0,0,0,0,0,0,0,0,28,0	0,0,0,0,0,0,0,0,0,0	273	276
593	0,4,0,1,0,55,0,0,0,0,337,0,0	0,0,0,0,0,0,0,0,0,0,0,0,0	0,0,0,0,0,0,0,0,28,0	283,0,0,0,0,0,0,0,284,0	273	276
594	0,0,0,0,0,0,0,0,0,0,0,0,0	0,45,0,0,0,0,0,0,0,0,0,6,0	283,0,0,0,0,0,0,0,284,0	0,0,0,0,0,8,0,0,0,0	279	276
598	0,31,0,0,0,81,0,0,0,0,0,0,0	0,188,0,0,0,2,0,0,22,0,0,7,0	0,0,0,0,0,0,0,116,0,19	0,0,0,0,33,0,1,0,0,2	231	267
615	0,19,0,81,0,0,0,0,1,1,0,0,0	0,0,0,0,0,6,0,0,0,0,339,0,0	18,0,0,0,0,0,272,0,265,0	0,0,0,0,0,0,78,0,0,0	240	330
616	0,28,0,0,0,19,0,146,0,0,0,0,0	0,9,0,0,0,0,0,0,0,0,453,0,0	0,0,0,0,0,0,362,1,0,144	0,0,0,0,0,0,39,0,0,0	330	478
618	0,71,0,0,0,0,0,0,0,0,0,0,0	0,0,0,0,0,0,0,0,0,0,0,0,0	0,0,0,0,0,2,10,0,0,0	226,0,0,0,0,0,0,47,0,0	297	303
631	0,0,0,0,0,0,0,0,0,0,0,0,0	0,4,0,0,0,0,0,0,0,0,0,0,0	0,136,0,0,0,0,0,0,0,0	0,0,0,0,0,0,0,0,0,0	217	327
643	0,0,0,0,0,0,0,0,0,0,0,0,0	0,0,0,0,1,0,0,0,16,0,0,0,0	0,0,0,0,0,32,0,0,0,0	0,56,0,0,0,2,0,0,0,0	183	171
644	8,0,0,0,0,0,0,270,0,0,0,0,0	0,0,0,0,1,0,0,0,16,0,0,0,0	0,0,0,0,0,0,0,0,0,0	0,56,0,0,0,2,0,0,0,0	264	171
645	8,0,0,0,0,0,0,270,0,0,0,0,0	0,0,0,0,0,0,0,0,0,0,0,0,0	0,0,0,0,0,0,0,0,0,0	0,0,0,0,0,32,0,0,0,0	264	183
646	102,33,0,4,0,42,0,0,20,0,382,0,0	0,0,0,0,0,0,0,0,0,0,0,0,0	0,323,0,0,0,4,269,60,18,0	0,368,0,0,19,0,0,0,0,0	279	246
649	0,39,0,0,0,0,0,0,0,0,0,0,0	0,56,0,0,0,162,0,0,0,0,0,0,0	289,21,0,0,0,0,0,155,0,0	0,0,0,0,0,0,0,0,0,0	239	226
655	0,0,0,0,0,0,0,0,1,0,0,0,0	9,0,0,0,0,0,0,0,1,0,342,0,0	0,0,0,0,0,0,0,0,0,0	0,0,0,0,0,0,0,23,0,0	285	306
657	0,0,0,0,0,0,0,0,0,0,95,0,0	0,0,0,0,0,0,0,0,0,0,640,0,0	0,0,0,0,0,25,0,0,0,0	0,0,0,0,0,60,11,30,0,0	203	241
660	0,0,0,0,0,307,0,0,0,0,0,15,0	0,10,0,0,0,0,0,0,0,0,0,0,0	0,0,0,0,0,62,0,0,0,0	0,0,0,0,0,0,0,0,0,115	239	220
661	0,0,0,0,0,192,0,0,0,0,0,0,0	0,0,0,0,0,0,0,0,0,0,0,0,0	0,0,0,0,0,0,0,0,0,90	0,0,0,0,0,0,62,0,0,0	273	278
672	0,0,0,0,0,0,0,0,0,0,0,0,0	0,1,0,0,0,0,0,0,4,0,0,0,0	0,0,0,0,0,19,0,0,0,0	0,0,0,0,0,0,0,73,0,0	225	297
677	0,203,0,0,0,0,0,0,0,0,0,19,0	0,0,0,0,0,0,0,0,0,0,0,273,0	0,0,0,0,0,101,0,0,0,0	0,0,0,0,0,0,0,0,0,0	258	216
688	0,0,0,0,0,0,0,0,1,0,0,0,0	0,93,238,0,0,123,0,0,0,0,0,0,0	0,0,0,0,1,0,0,0,0,0	0,0,0,0,0,0,51,0,0,0	245	404
689	0,0,0,0,0,0,0,0,1,0,0,0,0	0,0,0,0,0,0,0,0,0,0,0,0,0	0,0,0,0,1,0,0,0,0,0	0,0,0,0,0,0,19,0,0,0	245	302
695	0,73,0,0,0,0,115,0,18,0,0,0,0	134,0,0,0,0,0,0,0,3,0,0,0,0	0,114,0,0,0,0,0,0,0,0	0,0,0,0,0,0,0,0,0,0	281	292
711	0,0,0,0,0,0,0,0,0,0,0,113,0	4,43,0,0,0,0,0,0,0,0,2,167,0	0,0,0,0,0,0,0,0,0,0	0,207,0,0,0,17,129,0,0,0	211	268
712	0,90,0,0,256,0,0,141,0,0,4,120,0	0,63,0,0,0,0,0,0,0,0,0,71,0	0,37,0,0,0,17,0,0,0,0	0,0,0,0,0,0,0,0,0,0	224	211
723	0,99,0,0,0,0,0,0,0,18,0,0,0	0,0,0,0,0,0,0,0,0,0,0,87,0	0,0,0,0,0,0,0,6,0,0	74,0,0,0,0,0,0,0,0,0	217	217
727	0,66,2,0,0,105,0,0,48,0,0,0,0	0,0,0,130,0,0,0,0,0,0,0,0,0	0,0,0,0,0,46,0,79,0,0	0,0,0,0,0,0,0,0,0,0	186	276
730	0,38,0,0,0,10,0,0,0,0,0,0,0	0,60,0,0,0,64,0,0,0,0,0,144,0	0,0,0,0,21,0,0,0,200,0	0,0,0,0,0,37,63,0,0,0	225	284
738	0,0,0,0,0,0,0,0,2,0,0,0,0	0,0,8,0,0,0,0,0,0,0,0,0,0	0,0,0,0,0,0,0,8,0,0	0,0,0,0,0,0,0,0,0,0	264	295
739	0,4,0,0,0,33,0,0,0,0,0,0,0	0,137,0,0,0,0,0,0,0,0,0,2,0	0,0,0,0,0,61,0,0,0,0	173,0,0,0,0,0,0,0,2,0	327	300
740	28,0,0,0,0,0,0,0,0,0,0,0,0	0,0,0,0,0,84,0,0,0,0,0,0,0	0,0,0,0,59,0,0,97,0,0	0,0,0,0,0,1,16,0,0,0	236	236
741	0,0,0,0,0,0,0,0,0,0,0,11,0	11,78,2,0,0,0,2,0,0,0,0,0,0	0,0,0,0,0,0,2,0,0,0	0,0,0,0,0,0,10,0,0,0	231	216
749	0,0,0,0,0,0,0,0,42,0,0,0,0	0,0,0,0,0,0,0,0,6,0,1,0,0	100,0,0,0,0,39,0,0,0,0	0,0,0,0,0,0,0,22,0,0	400	383
752	0,0,0,0,0,0,0,0,0,0,0,0,0	64,0,0,0,0,46,1,0,0,0,2,0,0	0,0,0,0,0,0,0,0,0,2	124,0,0,0,0,57,184,116,1,0	245	303
755	0,41,0,0,0,0,0,0,0,0,0,0,0	0,6,0,0,255,56,0,0,0,0,0,0,0	0,0,0,0,0,0,0,0,0,0	0,0,0,0,0,3,0,0,85,0	223	240
756	0,41,0,0,0,0,0,0,0,0,0,0,0	0,0,0,0,0,56,0,0,0,0,0,0,0	0,0,0,0,0,0,0,0,0,0	0,0,0,0,0,0,0,0,85,0	223	236
759	0,91,0,0,0,0,0,0,0,0,0,0,0	0,27,0,15,0,107,0,0,0,0,0,0,0	0,0,0,0,0,65,0,0,0,0	0,0,0,0,18,0,0,13,0,0	258	294
768	88,0,0,0,0,11,0,0,0,0,0,0,0	0,19,0,0,0,257,0,0,0,0,0,0,1	60,0,0,0,0,0,28,0,0,0	0,0,0,2,0,0,287,0,0,0	230	239
770	0,0,0,0,0,0,0,0,6,0,0,0,0	0,0,0,75,0,0,0,0,0,0,0,0,0	0,0,0,0,0,0,0,0,0,0	0,0,0,0,0,13,0,0,0,0	255	222
773	0,0,0,1,0,0,0,0,0,0,87,0,0	0,17,0,0,0,0,1,0,0,0,0,0,0	0,0,0,0,0,0,0,1,3,0	0,0,0,0,0,0,0,0,0,0	391	272
774	0,0,0,1,0,0,0,0,0,0,0,0,0	0,0,0,0,0,0,0,0,0,0,87,0,0	0,0,0,0,0,0,0,0,0,0	0,0,0,0,0,0,0,1,3,0	314	391
779	0,0,0,0,0,0,0,0,0,0,0,0,0	0,0,0,0,0,0,0,0,0,0,109,0,0	64,0,0,0,0,0,0,0,0,0	0,0,0,0,0,0,0,0,0,0	346	236
785	0,1,0,0,0,0,0,0,0,0,0,0,0	0,0,0,0,0,0,0,0,0,0,0,0,0	0,0,0,0,0,0,0,37,0,0	0,0,0,0,0,9,0,0,0,0	194	195
788	0,232,0,0,0,0,0,0,35,0,130,0,0	0,58,0,22,0,0,0,0,7,0,0,65,0	0,47,0,0,0,74,300,164,0,0	0,0,0,0,0,24,211,71,0,84	243	285
791	0,0,0,1,0,0,0,0,4,0,0,0,0	0,0,0,0,0,0,0,0,0,468,37,0,0	74,0,0,0,0,0,166,0,0,0	0,38,0,0,0,0,0,0,0,38	327	221
796	0,0,0,0,0,1,0,0,3,0,254,0,0	0,0,0,0,0,0,0,0,0,0,0,1,0	0,0,0,0,0,0,0,0,1,0	0,0,0,0,0,0,10,51,0,0	216	297
802	0,0,0,0,0,0,0,0,0,0,0,0,1	0,0,0,0,0,0,0,0,0,0,52,0,0	0,0,0,0,0,0,0,0,0,0	0,0,0,0,0,0,158,0,0,0	291	285
828	0,0,0,0,0,0,0,0,0,0,0,0,0	0,109,0,0,0,0,0,0,20,0,2,94,0	0,0,0,0,0,0,0,0,0,80	0,0,0,0,0,61,0,9,13,15	203	244
835	0,1,0,0,0,0,0,1,8,543,0,2,0	0,1,0,0,0,1,0,0,0,0,0,0,0	0,163,0,0,0,31,0,0,0,0	0,0,0,0,0,0,0,0,1,0	289	361
836	0,0,0,0,0,0,0,0,0,0,0,1,0	0,0,0,0,0,0,0,0,11,0,23,0,0	0,0,0,0,0,0,0,0,211,0	0,0,0,0,0,0,0,0,0,0	240	350
847	0,0,0,0,0,205,0,0,75,1,522,0,0	61,149,0,28,2,214,0,1,17,2,1192,25,5	0,0,0,304,0,7,99,111,0,116	308,0,0,0,0,43,32,0,138,0	297	336
853	0,0,0,0,0,0,0,0,0,0,176,0,0	0,0,0,0,0,0,0,0,0,0,0,0,0	0,0,0,0,0,3,61,0,0,0	0,0,0,0,0,17,0,0,1,0	314	288
867	0,0,0,0,0,0,0,0,0,0,0,0,0	0,0,0,0,0,0,0,0,0,0,0,3,0	0,0,0,0,0,0,4,0,0,0	0,0,0,0,0,0,0,0,0,0	268	244
869	0,0,0,0,0,0,0,0,0,0,0,0,0	0,80,0,0,0,0,0,0,0,0,0,0,0	0,0,0,0,0,0,4,0,0,0	0,0,0,0,0,0,0,0,0,5	268	355
871	0,0,0,0,0,0,0,0,0,0,0,0,0	18,0,0,0,0,0,0,0,0,0,269,0,0	0,0,0,0,0,55,0,0,0,0	3,0,0,0,10,0,215,0,0,85	270	345
887	0,0,0,0,0,0,0,0,0,0,228,0,0	0,0,0,0,0,0,0,0,6,0,0,0,0	336,0,0,0,0,0,0,0,0,0	0,0,0,0,0,0,0,0,0,0	333	253
890	0,56,0,0,0,0,0,0,0,0,5,8,0	0,27,0,1,1,0,0,262,3,335,0,0,0	0,0,0,0,0,0,0,0,0,73	0,0,0,0,21,1,295,30,0,138	265	274
895	0,0,0,0,0,182,0,0,0,0,0,0,0	0,57,0,0,0,0,0,110,0,0,0,366,0	0,30,0,0,0,19,0,0,0,0	0,28,0,0,0,30,168,0,139,71	268	204
902	27,83,211,1,0,0,0,0,0,0,13,0,0	42,9,0,0,0,0,0,0,23,0,0,1,14	0,0,0,0,0,0,0,0,226,0	0,0,0,0,0,0,0,0,0,0	415	379
909	0,112,0,0,0,0,0,0,0,0,0,0,0	0,0,0,0,0,0,0,0,0,0,0,0,0	0,0,0,0,275,1,0,0,0,0	195,0,0,0,0,0,1,17,0,0	252	267
910	0,0,0,0,0,0,0,2,0,0,224,0,0	0,94,0,0,0,0,0,0,0,0,0,0,0	0,0,0,0,0,0,0,0,0,0	1,0,0,0,0,4,0,0,0,0	255	256
911	0,0,0,0,0,0,0,0,0,0,0,1,0	0,0,0,0,0,0,0,0,0,0,0,0,0	0,167,0,0,0,0,144,0,27,0	0,0,0,0,0,0,0,0,99,0	283	202
912	1,0,0,0,0,0,0,0,0,0,0,0,0	0,0,0,0,0,0,0,0,0,0,175,0,0	0,0,0,0,0,0,276,0,0,0	0,0,0,0,0,0,0,0,0,0	241	253
916	37,0,0,3,0,5,0,0,2,0,0,0,0	0,0,0,0,0,0,0,0,0,0,0,0,0	0,0,0,0,0,0,394,0,0,0	0,0,0,0,0,0,0,1,0,0	1022	330
921	0,98,0,0,0,0,0,0,0,0,0,0,0	40,124,0,290,0,250,0,0,34,0,0,399,0	0,0,0,0,0,0,0,0,0,0	0,0,0,0,0,0,82,0,0,18	265	276
924	0,0,0,0,0,0,0,0,0,0,0,0,0	0,32,225,0,0,0,0,0,0,0,3,0,0	0,3,0,0,0,0,0,0,0,0	1,0,0,0,0,0,0,0,0,0	179	179
925	63,39,0,0,0,0,0,65,1,0,65,0,0	8,0,0,0,0,0,0,0,0,0,0,0,0	91,0,0,0,0,104,0,119,0,0	0,2,0,0,0,0,0,0,0,0	669	487
928	0,0,0,0,0,0,0,0,2,0,0,0,0	0,0,0,0,0,0,0,0,0,0,0,0,0	0,0,0,0,0,0,1,0,0,0	0,0,0,0,0,2,130,0,0,0	248	220
931	9,223,0,82,0,0,0,0,7,0,6,0,0	36,107,0,0,0,0,0,0,9,0,0,3,0	1,0,0,0,0,0,0,22,0,1	0,0,0,0,0,5,88,15,0,0	253	189
932	0,38,0,0,0,0,0,0,25,0,0,0,0	0,0,0,0,0,0,0,0,26,0,0,0,0	0,0,0,0,0,0,0,0,165,86	0,0,0,0,0,0,0,0,390,0	696	870
933	0,0,0,0,0,0,0,0,0,1,0,0,0	0,100,0,0,0,0,0,0,0,0,0,0,0	0,0,0,0,1,1,0,0,0,0	0,0,0,0,0,0,0,0,0,0	273	223
939	0,0,0,0,0,0,0,0,31,0,0,0,0	0,139,0,0,165,0,0,1,0,1,211,0,0	0,0,0,0,0,0,0,0,0,0	0,0,0,0,0,2,222,30,0,0	442	372
955	4,0,0,0,0,0,24,0,28,0,277,495,0	0,0,0,0,0,0,0,0,0,0,0,570,0	0,0,0,0,12,2,417,0,0,204	0,0,0,0,1,0,0,0,0,0	378	157
956	0,0,0,12,0,0,77,0,28,0,0,30,0	0,0,0,0,0,0,0,0,0,0,0,570,0	0,170,0,0,0,52,573,0,0,221	0,0,0,0,1,0,0,0,0,0	183	157
961	0,40,0,0,0,0,0,0,0,0,0,0,0	0,76,0,0,0,86,0,0,0,0,0,0,2	0,0,0,0,0,0,26,0,0,0	124,0,0,0,0,27,4,0,0,0	250	329
962	6,0,0,0,0,25,0,0,2,0,0,0,0	0,1,0,0,0,0,0,0,0,0,0,0,0	0,0,0,0,0,0,36,0,0,0	0,0,0,0,0,0,110,0,0,0	281	201
967	0,0,0,0,0,0,0,0,7,0,0,0,0	0,0,332,0,0,0,0,0,10,107,147,0,0	0,0,0,0,0,0,0,0,0,0	0,0,0,0,0,9,26,97,0,0	213	305
972	2,67,0,0,0,0,0,1,0,0,0,0,0	0,18,0,1,0,0,0,0,0,0,1,0,0	2,0,0,0,0,0,14,0,0,0	0,0,0,0,0,1,58,0,0,0	359	267
979	0,0,0,0,0,0,0,0,14,6,0,0,0	0,0,0,0,0,0,0,0,0,0,1,0,0	0,0,0,0,0,0,0,3,0,173	0,10,0,0,0,83,0,0,59,0	222	249
983	0,108,0,0,0,0,0,0,0,0,48,0,0	0,76,0,0,0,0,0,0,0,0,0,0,0	0,0,0,0,0,0,0,0,0,0	0,0,0,0,0,0,0,38,0,0	312	436
986	0,2,0,310,0,0,0,0,10,0,219,0,0	0,240,17,721,21,196,0,2,36,0,172,385,0	0,98,0,0,0,86,40,0,0,0	286,105,0,0,0,10,211,30,284,0	289	319
994	1,54,0,0,0,0,0,0,0,0,0,0,0	0,0,0,144,0,0,0,0,0,0,0,0,0	0,251,0,0,0,79,0,0,65,0	0,0,0,0,0,0,0,0,0,0	213	180
995	0,66,0,0,0,0,0,0,0,0,10,0,0	0,0,0,0,0,0,0,0,0,0,0,0,0	0,0,0,0,0,0,0,0,0,0	0,0,0,0,0,0,0,63,0,0	224	234
996	0,85,0,0,0,41,0,0,0,0,0,0,0	0,18,0,0,0,0,0,0,0,0,0,0,0	0,0,0,0,0,1,0,0,0,0	0,0,0,0,0,0,0,0,0,0	273	252
997	0,0,0,190,0,0,0,0,0,0,0,0,0	0,0,0,0,0,7,0,0,0,0,0,12,0	0,0,0,0,0,0,0,0,0,0	213,1,0,0,0,0,61,0,144,0	240	268
1000	0,44,0,0,0,0,0,0,0,0,0,0,0	0,0,0,0,0,0,0,0,0,0,0,0,0	0,0,0,0,0,0,0,0,0,0	0,0,0,0,0,35,0,0,0,0	216	198
1005	0,34,0,84,3,0,0,0,84,0,0,0,0	0,0,0,0,160,0,0,0,2,0,49,30,0	0,0,0,0,0,14,54,0,22,0	1,18,0,0,0,78,0,1,0,0	318	327
1007	0,0,399,0,0,0,0,0,0,0,0,0,0	0,148,0,0,2,0,0,139,46,317,122,466,0	0,0,0,0,0,0,0,100,0,0	221,305,0,7,0,33,159,2,168,0	178	338
1008	0,65,399,0,0,0,0,0,0,0,0,0,0	0,148,0,0,2,0,0,139,46,317,122,466,0	0,0,0,0,0,0,0,100,0,0	221,305,0,7,0,33,159,2,168,0	245	338
1010	21,61,0,0,0,0,0,0,9,0,0,0,0	0,24,0,0,0,0,0,0,0,0,167,0,0	0,0,0,0,0,0,83,0,0,8	0,0,0,0,0,0,0,0,0,0	276	299
1011	0,0,0,0,0,0,0,0,0,0,0,0,0	0,14,0,0,0,0,0,0,0,0,0,0,0	0,0,0,0,0,0,0,0,2,0	0,0,0,0,0,0,0,0,0,0	248	321
1017	81,139,0,0,0,4,0,0,0,0,246,227,0	99,391,2,145,0,0,0,0,1,10,81,265,0	179,1,0,0,1,81,147,0,40,0	39,0,0,0,13,31,48,0,3,16	243	192
1025	15,364,0,0,0,2,0,129,15,0,404,431,0	9,1049,608,49,1,363,0,200,20,2,839,0,0	209,30,0,11,0,179,206,46,4,0	169,208,0,0,1,242,814,551,185,0	268	268
1026	0,30,0,0,0,0,0,0,0,0,0,0,0	0,25,0,0,0,0,0,0,0,0,0,0,0	17,0,0,0,0,0,0,0,0,0	0,0,0,0,0,35,39,8,0,29	214	502
1027	0,30,0,0,0,0,0,0,0,0,0,0,0	0,0,0,0,0,0,0,0,0,0,0,0,0	17,0,0,0,0,0,0,0,0,0	0,46,0,0,0,0,20,0,0,0	214	196
1028	0,30,0,0,0,0,0,0,0,0,0,0,0	0,32,0,325,0,0,0,0,0,0,97,0,0	17,0,0,0,0,0,0,0,0,0	0,45,0,0,0,0,0,0,0,0	214	218
1029	3,31,0,0,0,0,0,0,0,0,0,0,0	0,25,0,0,0,0,0,0,0,0,0,0,0	141,0,0,0,0,53,0,0,0,0	0,0,0,0,0,35,39,8,0,29	272	502
1030	3,31,0,0,0,0,0,0,0,0,0,0,0	0,0,0,0,0,0,0,0,4,0,0,0,0	141,0,0,0,0,53,0,0,0,0	0,46,0,0,0,0,20,0,0,0	272	350
1031	3,31,0,0,0,0,0,0,0,0,0,0,0	0,0,0,0,0,0,0,0,0,0,0,0,0	141,0,0,0,0,53,0,0,0,0	0,46,0,0,0,0,20,0,0,0	272	196
1032	0,25,0,0,0,0,0,0,0,0,0,0,0	0,0,0,0,0,0,0,0,0,0,0,0,0	0,0,0,0,0,35,39,8,0,29	0,46,0,0,0,0,20,0,0,0	502	196
1033	0,25,0,0,0,0,0,0,0,0,0,0,0	0,0,0,0,0,0,0,0,4,0,0,0,0	0,0,0,0,0,35,39,8,0,29	0,46,0,0,0,0,20,0,0,0	502	350
1034	0,25,0,0,0,0,0,0,0,0,0,0,0	0,0,0,0,0,0,0,0,0,0,0,0,0	0,0,0,0,0,35,39,8,0,29	0,46,0,0,0,0,20,0,0,0	502	196
1035	0,25,0,0,0,0,0,0,0,0,0,0,0	0,0,0,0,0,0,0,0,0,0,0,0,0	0,0,0,0,0,35,39,8,92,29	0,46,0,0,0,0,20,0,0,0	502	196
1057	0,2,0,0,0,0,0,0,0,0,3,0,0	0,0,0,0,0,0,0,0,0,0,946,0,1	0,0,0,0,0,56,205,0,0,0	0,85,0,0,0,0,199,0,0,0	356	228
1060	0,0,0,0,0,1,0,0,12,1,2,599,0	319,0,1,0,0,0,86,0,0,0,460,0,0	0,20,0,0,1,34,245,0,0,177	0,0,0,0,24,6,316,0,0,42	498	264
1073	0,35,448,0,1,0,0,0,0,0,4,1,0	0,87,0,0,0,32,0,0,6,0,1,0,0	184,0,0,0,0,1,0,0,0,22	0,0,0,0,0,1,139,0,0,70	285	309
1074	0,101,460,0,0,33,0,0,0,0,158,0,0	0,87,0,0,0,32,0,0,6,0,1,0,0	0,0,0,0,0,5,202,0,0,0	0,0,0,0,0,1,0,1,0,70	300	309
1076	0,101,460,0,0,33,0,0,0,0,46,0,0	0,132,271,0,0,41,0,4,1,0,9,0,0	0,0,0,0,0,5,341,0,0,0	0,0,0,0,0,7,0,0,41,0	300	285
1078	0,0,0,0,0,0,5,0,0,0,0,0,0	0,0,1,0,0,0,0,0,1,0,0,0,0	0,0,0,0,0,0,0,0,1,0	0,38,0,0,46,0,0,0,0,0	342	233
1084	0,47,0,121,0,15,0,0,0,0,0,88,0	0,0,0,9,0,0,0,0,0,0,0,0,0	0,0,0,0,0,0,0,0,0,0	0,0,0,0,0,83,97,0,0,0	242	262
1087	0,11,0,0,0,0,0,0,0,0,10,0,0	0,63,0,0,196,0,0,0,0,0,0,0,0	0,0,0,0,0,37,0,0,0,0	351,0,0,0,0,0,0,1,0,12	276	345
1106	0,0,0,0,0,0,0,0,0,0,0,184,0	0,51,0,0,0,216,0,0,0,0,286,0,0	0,0,0,0,0,0,0,0,0,0	0,617,0,0,0,19,0,261,0,0	271	239
1109	0,11,0,0,0,0,0,0,0,0,0,0,0	0,0,0,0,0,0,0,0,0,0,4,0,0	0,0,0,0,0,0,9,0,0,0	0,0,0,0,0,0,0,0,0,0	265	265
1110	0,19,0,0,0,12,0,0,0,0,2,0,0	0,0,0,0,0,0,0,0,0,0,83,0,0	0,0,0,0,0,56,4,0,0,0	0,0,0,0,0,136,12,0,0,0	204	234
1111	0,0,0,0,0,0,0,0,0,1,0,0,0	0,0,192,0,0,0,0,0,0,0,0,0,0	0,0,0,0,1,0,0,0,0,0	0,0,0,0,0,0,0,0,0,0	188	239
1118	8,163,0,0,0,0,0,0,27,1,60,344,0	0,49,0,0,2,0,0,0,0,0,1,0,0	0,0,0,0,0,48,8,0,0,0	0,14,0,1,0,47,321,205,0,0	268	324
1119	0,0,0,0,0,0,0,0,0,0,0,0,0	0,83,0,1,0,79,0,0,39,0,195,0,0	0,0,0,0,0,15,0,0,0,0	0,0,0,0,0,113,0,0,0,404	322	330
1126	0,238,0,0,0,0,0,0,2,0,151,0,0	98,0,0,179,0,0,0,0,0,0,0,166,0	0,0,0,0,0,6,0,3,76,86	0,0,0,0,0,1,211,0,0,316	312	381
1127	0,0,0,0,0,144,0,0,0,0,0,0,0	0,74,0,0,124,0,0,0,0,0,0,0,0	0,0,0,0,0,35,0,0,0,0	0,0,0,0,0,0,172,0,0,0	270	208
1130	10,1052,0,274,1,0,0,0,35,0,998,3,0	6,116,0,0,4,0,0,0,0,1,437,0,0	8,647,0,0,2,319,81,101,0,0	0,4,0,0,13,0,10,0,0,0	317	317
1131	0,166,1,0,18,0,0,206,27,0,97,0,0	0,200,0,0,0,1,0,9,0,0,280,157,0	0,0,0,0,0,1,12,0,85,1	94,0,0,0,0,0,207,0,0,0	248	279
1133	0,0,0,0,0,0,0,0,0,0,14,0,0	0,62,0,0,0,0,0,0,0,0,0,0,0	0,0,0,0,0,0,0,0,0,0	0,0,0,0,0,0,80,0,0,0	248	415
1136	0,0,0,0,0,79,0,0,0,0,0,0,0	0,94,0,0,0,4,1,0,4,0,0,0,0	0,0,0,0,0,9,0,24,0,0	0,0,0,0,0,0,0,0,0,0	222	335
1139	0,0,0,0,0,0,0,0,10,0,0,0,0	0,4,0,0,2,9,0,0,0,0,0,0,0	0,0,0,0,0,0,20,0,0,0	0,89,0,0,0,0,0,0,0,0	262	251
1140	0,0,0,0,0,0,0,0,0,0,6,0,0	0,4,0,0,0,0,0,0,0,0,383,0,0	0,0,0,0,0,0,0,0,0,0	0,0,0,0,0,0,0,0,1,0	195	246
1154	0,0,0,0,0,220,0,0,0,0,0,0,0	14,182,0,567,0,149,0,0,0,0,151,0,0	53,0,0,0,0,0,0,0,137,0	0,0,0,0,0,0,0,0,0,0	291	230
1162	1,71,146,0,0,0,0,0,0,0,1,0,0	16,0,0,0,0,0,0,35,0,0,0,0,0	0,0,0,0,0,18,0,0,0,0	0,257,0,0,0,9,0,0,0,0	189	224
1165	0,28,0,0,0,0,0,0,0,0,0,0,0	0,0,0,0,0,0,0,0,21,0,0,58,0	0,0,0,0,0,1,0,0,0,0	0,0,0,0,0,28,0,0,0,0	249	222
1170	0,0,0,0,0,0,0,0,0,0,0,0,0	3,93,0,0,0,0,0,0,0,0,0,0,0	0,0,0,0,0,44,0,0,0,0	0,0,0,0,0,8,0,0,0,0	297	269
1171	60,0,0,0,0,169,0,0,0,0,369,0,0	0,7,344,0,0,0,0,0,0,10,0,269,0	0,0,0,0,0,46,480,0,20,120	0,0,0,0,21,51,29,1,0,0	327	313
1175	0,28,0,0,0,0,0,1,0,0,0,0,0	0,1,0,0,141,0,0,0,16,0,0,0,0	0,0,0,26,0,0,0,45,360,0	132,60,0,0,0,0,0,0,0,0	231	288
1180	0,0,0,0,0,0,0,0,0,0,0,8,0	0,0,0,0,0,0,0,0,0,0,4,0,0	0,0,0,0,0,0,0,0,0,0	0,0,0,4,0,10,0,0,0,89	345	389
1181	0,0,0,0,0,0,0,0,0,0,345,0,0	0,16,5,0,0,0,0,0,9,0,0,0,0	0,3,0,0,0,0,0,0,0,0	140,0,0,0,0,0,1,0,41,1	282	302
1182	4,127,0,0,0,0,0,76,50,0,1,0,0	106,2072,525,401,9,695,3,69,121,23,510,302,3	1,0,0,0,0,0,1,0,0,0	953,120,0,0,75,392,1343,1031,1059,35	207	2481
1183	0,0,1,0,0,0,0,0,0,0,24,0,0	0,0,0,0,0,0,0,0,0,0,0,0,0	0,126,0,0,0,0,0,0,0,0	0,0,0,0,0,4,26,0,0,0	214	306
1189	0,0,0,0,0,0,0,0,0,0,0,1,0	0,0,0,0,0,0,0,0,0,414,0,0,0	0,0,0,0,0,0,131,0,0,0	0,0,0,0,0,8,12,0,0,0	242	272
1220	0,3,0,113,0,0,0,0,0,0,0,0,87	15,0,0,0,0,0,0,0,0,0,0,0,0	239,0,0,0,0,11,0,0,10,0	0,0,0,0,0,0,0,0,0,0	435	210
1221	0,123,0,113,1,0,0,0,23,0,0,1,87	15,0,0,0,0,0,0,0,0,0,0,0,0	1313,6,0,0,0,11,1,106,10,0	0,0,0,0,0,0,0,0,0,0	924	210
1222	0,3,0,0,0,0,0,0,0,0,0,0,0	0,44,0,0,0,94,0,94,0,18,0,0,0	0,0,0,0,0,0,0,0,0,0	0,0,0,0,0,2,0,0,0,0	216	252
1223	0,136,0,11,0,0,0,0,0,0,4,0,0	0,104,0,0,0,0,0,0,0,0,0,0,0	92,0,0,0,0,0,0,0,0,0	0,0,0,0,0,0,0,0,0,0	213	279
1224	0,22,0,0,0,236,0,0,1,0,0,216,0	0,202,0,0,0,0,0,0,0,0,0,0,0	0,0,0,0,0,0,61,0,0,0	0,0,0,0,0,0,0,0,0,0	225	279
1227	0,0,0,0,0,0,0,0,13,0,400,0,0	0,72,0,0,0,0,0,1,0,0,0,0,0	0,0,0,0,0,53,0,0,627,0	0,0,0,0,0,0,0,0,0,0	475	370
1228	0,187,0,0,0,0,0,0,0,0,0,0,0	0,63,0,0,0,1,0,446,0,0,5,0,0	226,0,0,0,0,78,0,0,0,0	0,0,0,0,0,59,0,137,0,0	275	349
1230	0,0,0,157,0,0,0,0,0,0,0,0,0	0,0,0,0,0,0,0,0,0,0,169,0,0	0,0,0,0,0,2,0,0,0,0	34,0,0,0,0,0,0,0,0,0	247	321
1233	0,0,0,0,0,0,0,0,0,0,0,0,0	0,0,0,0,0,0,0,0,0,0,0,17,0	0,0,0,0,0,0,0,0,38,0	0,0,0,0,0,0,0,0,0,0	243	247
1235	0,51,0,0,0,0,0,0,0,0,0,0,0	143,237,226,0,255,1,0,0,0,30,132,0,1184	0,0,0,0,0,0,0,0,0,0	0,1,0,0,0,17,254,0,0,0	256	256
1238	0,0,0,44,0,0,0,0,0,0,0,0,0	0,0,0,0,0,0,0,0,0,0,0,0,0	0,0,0,0,0,0,0,0,0,0	0,0,0,0,0,113,0,0,0,0	220	301
1239	0,0,0,0,0,0,0,0,0,0,0,33,0	0,0,0,87,0,103,0,0,0,0,282,0,0	0,0,0,0,0,0,0,0,0,0	0,9,0,0,0,69,0,0,0,0	301	280
1248	0,0,0,0,0,0,0,0,0,0,0,0,0	241,1654,1,1362,1,478,1,882,76,10,971,2,365	1,0,0,0,0,0,0,0,0,0	290,744,0,1,3,572,268,341,589,29	229	264
1249	323,2589,38,2422,2,1302,1,1186,96,180,1801,12,370	0,0,0,0,0,64,0,0,0,0,0,0,0	964,1469,0,1,9,1149,1298,690,1921,73	0,0,0,0,0,0,0,0,0,0	264	280
1250	38,827,37,1059,1,798,0,135,20,1,567,10,5	0,0,0,0,0,0,0,1,2,0,0,0,0	674,465,0,0,6,456,1029,348,1329,18	0,0,0,0,0,0,0,0,0,0	264	294
1251	2,7,0,0,0,0,0,0,0,0,0,0,0	0,0,0,0,0,0,0,1,2,0,0,0,0	0,0,0,0,0,0,0,0,314,0	0,0,0,0,0,0,0,0,0,0	280	294
1252	2,7,0,0,0,0,0,0,0,0,0,0,0	0,0,0,0,0,0,0,1,2,0,0,0,0	0,0,0,0,0,0,0,0,314,0	0,0,0,0,0,0,0,0,0,0	280	291
1254	0,0,573,0,0,0,0,0,27,0,0,0,0	0,0,0,0,0,0,0,0,0,0,1,0,0	0,0,0,0,0,0,0,1,0,0	0,0,0,0,0,69,63,0,37,0	204	199
1257	0,0,0,0,0,0,0,0,0,0,0,23,0	0,0,0,0,0,8,0,0,25,0,0,0,0	0,0,0,0,0,0,0,0,0,0	0,0,0,0,0,1,0,0,0,0	287	243
1263	0,97,0,0,0,0,0,0,0,0,0,0,0	0,0,0,0,0,0,0,0,0,1,0,0,0	0,63,0,0,0,0,0,0,0,0	0,0,0,0,0,0,0,0,0,0	238	194
1264	0,21,0,0,0,0,0,0,0,1,0,0,0	0,0,0,0,0,0,0,0,0,0,0,0,0	0,0,0,0,0,39,0,0,0,0	0,0,0,0,0,0,0,1,0,0	207	503
1265	16,0,0,0,0,0,0,0,4,0,0,369,0	0,2,0,0,0,131,0,0,0,0,0,0,0	0,0,0,0,0,6,0,28,0,0	44,0,0,0,0,0,0,0,0,0	331	286
1276	0,0,0,0,0,1,0,0,0,0,0,0,0	0,0,0,0,0,0,0,0,0,0,0,0,0	0,0,0,0,0,0,19,0,0,0	0,0,0,0,1,0,0,0,0,0	374	834
1277	0,0,0,0,0,0,0,0,2,0,0,0,0	0,0,0,0,0,0,0,0,0,0,0,0,0	0,0,0,0,0,0,0,0,0,0	0,0,0,0,0,2,0,0,37,0	235	241
1279	0,57,3,0,0,0,0,0,23,0,0,0,0	0,0,0,0,0,0,0,0,0,0,0,0,0	0,0,0,0,0,0,0,11,0,151	0,0,0,0,0,0,28,64,0,0	232	260
1287	2,1,0,0,465,1,1,2,0,1,25,2,0	0,0,0,0,72,58,0,0,0,0,0,0,0	2,0,0,1,2,73,132,0,0,11	0,0,0,0,0,0,0,0,0,0	348	345
1302	0,0,0,0,0,0,0,0,0,0,0,0,0	0,1,0,0,0,0,0,0,0,0,0,0,0	0,0,0,0,0,0,1,0,0,0	0,0,0,0,0,0,304,0,0,28	254	283
1304	0,0,0,0,0,23,0,0,0,10,0,0,0	0,41,0,0,0,0,0,0,0,0,0,3,0	0,0,0,0,0,0,0,0,0,0	0,0,0,0,0,35,221,0,0,0	267	205
1305	0,0,0,0,0,23,0,0,0,10,0,0,0	0,6,0,237,0,0,0,4,0,0,0,0,0	0,0,0,0,0,0,0,0,0,0	1,0,0,101,0,0,0,0,0,0	267	260
1306	0,0,0,0,0,23,0,0,0,10,0,0,0	0,6,0,237,0,0,0,4,0,0,0,0,0	0,0,0,0,0,0,0,0,0,0	1,0,0,101,0,0,0,0,41,28	267	318
1307	0,0,0,0,0,0,0,0,0,0,0,0,0	0,41,0,0,0,0,0,0,0,0,12,0,0	0,0,0,0,0,11,0,0,0,0	1,0,0,0,0,1,81,0,0,0	210	228
1311	0,0,0,0,81,15,0,0,4,0,0,0,0	0,0,0,61,105,0,0,0,0,0,0,42,0	0,0,0,0,0,38,0,0,0,0	0,118,0,0,0,0,0,0,0,0	360	360
1314	2,22,0,79,0,0,0,0,0,0,0,0,0	0,0,0,0,0,17,0,0,0,0,0,0,0	0,318,0,0,0,0,2,0,1,0	0,0,0,0,0,18,4,0,0,212	333	308
1330	71,0,0,0,0,0,0,0,0,0,152,0,0	0,5,0,0,0,0,0,0,0,0,0,0,0	0,0,0,0,0,51,0,0,0,0	0,0,0,0,0,0,26,0,0,0	250	247
1334	0,0,0,0,0,0,0,0,0,0,0,15,1	0,0,0,0,0,0,0,0,26,0,0,0,0	0,0,0,0,0,0,0,0,0,0	0,0,0,0,0,93,0,0,0,0	240	210
1335	0,62,0,0,0,0,0,0,0,0,3,2,0	0,215,0,0,0,0,0,147,19,0,0,0,0	0,0,0,0,0,9,0,0,1,0	0,0,0,0,0,1,31,0,0,0	235	240
1347	0,0,0,0,0,0,0,0,0,0,0,0,0	0,63,0,0,0,0,0,0,0,0,0,0,0	0,0,0,0,0,45,0,0,0,0	0,0,0,0,0,31,0,0,0,0	299	240
1352	0,25,0,0,0,0,0,137,0,0,0,1,0	0,0,0,0,0,0,0,0,0,0,0,0,0	0,0,0,0,0,43,0,0,0,0	0,0,0,0,0,0,25,0,0,0	218	218
1356	0,36,0,0,0,0,0,0,0,0,1,38,0	0,0,0,0,0,0,0,0,24,1,327,0,0	0,0,0,0,0,0,0,0,1,0	0,0,0,0,0,10,0,0,0,0	223	334
1360	0,80,0,0,0,0,0,0,0,0,0,1,0	0,212,0,908,0,0,0,0,10,0,127,707,0	0,0,0,0,0,0,24,7,0,0	0,0,0,0,1,0,122,0,43,0	237	313
1361	0,22,0,0,0,0,0,144,2,0,0,0,0	0,64,0,453,0,22,0,0,0,0,284,0,0	0,0,0,0,0,0,0,0,0,0	0,0,0,0,1,0,143,0,0,0	313	271
1362	0,0,3,0,0,2,0,0,24,0,425,0,0	0,0,2,2,0,1,1,4,33,5,2,9,4	0,0,0,0,0,0,0,0,0,0	0,0,0,0,1,34,0,0,0,0	228	183
1368	0,108,0,0,0,227,0,0,0,0,0,0,0	0,171,0,1,0,283,0,0,13,24,588,468,0	0,1,0,0,0,38,5,0,0,0	87,0,0,0,0,92,0,0,0,0	233	303
1370	0,153,0,0,106,40,0,0,0,0,0,0,0	0,0,0,0,0,0,0,0,1,0,0,0,0	0,0,0,0,0,0,4,0,0,0	0,0,0,0,0,0,0,0,0,0	236	286
1371	0,7,0,0,0,0,0,0,0,0,0,0,0	0,0,0,0,0,0,0,209,0,0,0,0,0	0,0,0,0,0,0,0,0,0,21	0,0,0,0,14,44,0,0,0,0	225	309
1372	0,7,0,0,0,0,0,0,0,0,0,0,0	0,4,0,0,0,0,0,0,0,0,154,0,0	0,0,0,0,0,0,0,0,0,21	0,0,0,0,0,0,182,6,0,0	225	210
1373	0,0,0,0,0,0,0,209,0,0,0,0,0	0,4,0,0,0,0,0,0,0,0,154,0,0	0,0,0,0,14,44,0,0,0,0	0,0,0,0,0,0,182,6,0,0	309	210
1374	0,0,0,0,0,0,0,0,0,0,7,0,0	0,0,0,309,0,0,0,0,0,0,4,181,0	0,0,0,0,0,0,9,0,0,0	0,0,0,0,0,0,0,0,0,0	273	531
1383	0,0,0,0,124,0,0,0,0,0,0,0,0	0,0,0,0,0,0,0,0,0,0,0,0,0	0,0,0,0,0,0,0,0,0,0	1,0,0,0,0,0,0,0,0,0	220	239
1387	0,58,0,2,0,1,0,0,6,0,0,0,1	0,0,0,19,0,0,0,0,18,15,406,0,0	20,0,0,1,0,0,0,0,0,0	0,0,0,0,0,0,0,0,0,0	264	246
1398	0,0,0,0,0,0,0,0,0,0,0,0,0	158,0,0,0,0,0,0,0,0,0,0,0,0	0,0,0,0,0,0,2,0,0,0	0,0,0,0,0,67,0,0,0,0	300	326
1404	0,0,0,0,0,0,0,0,0,0,0,0,0	0,14,0,0,0,0,0,0,0,0,0,0,0	0,20,0,0,0,0,1,0,0,0	0,0,0,0,0,0,0,0,0,0	313	317
1406	0,0,0,0,0,0,0,0,0,0,0,0,0	0,0,0,0,0,0,1,0,0,0,323,3,0	0,0,0,0,0,3,0,0,0,0	0,0,0,0,3,0,0,49,0,0	270	495
1413	0,0,95,0,0,0,0,189,0,0,0,0,0	11,48,0,0,10,29,1,532,19,0,970,0,0	0,0,0,0,0,0,0,0,0,0	65,0,0,1,0,0,0,0,65,73	185	423
1414	0,109,0,0,0,0,0,533,19,0,61,76,0	0,0,0,0,0,0,0,124,0,0,0,0,0	65,3,0,1,0,0,0,0,0,0	59,0,0,0,0,0,0,0,0,0	423	197
1420	10,0,0,223,0,135,0,0,0,0,0,0,0	0,155,0,0,0,0,0,0,0,0,83,0,0	0,0,0,0,0,0,93,0,0,0	0,0,0,0,0,24,6,0,8,0	273	266
1427	0,135,539,55,0,1,0,0,27,0,4,134,0	6,119,0,0,0,0,0,0,0,3,45,0,0	0,0,0,0,0,46,0,0,0,0	0,150,0,0,0,2,0,0,48,0	243	281
1435	0,0,0,0,0,0,0,0,0,0,0,0,0	0,123,0,0,0,0,1,0,0,0,486,0,0	0,0,0,0,0,0,114,1,0,0	0,0,0,0,0,0,0,0,0,0	239	304
1436	0,0,0,0,0,0,0,0,0,0,0,0,0	0,0,0,521,0,0,0,0,0,0,0,0,0	0,0,0,0,0,0,0,127,0,0	383,0,0,0,0,0,0,0,0,0	221	221
1438	0,22,0,0,0,0,0,0,0,0,5,0,0	7,28,16,0,0,0,1,0,19,0,0,1,0	0,0,0,0,0,3,0,0,0,0	0,455,0,0,0,25,131,1,0,0	253	325
1440	0,0,0,0,0,0,0,95,0,0,0,0,0	19,0,0,0,0,0,0,0,0,0,0,0,0	0,0,0,0,0,0,0,0,0,0	0,1,0,0,0,0,0,0,263,0	324	234
1441	0,0,0,0,0,0,0,95,0,0,0,0,0	19,0,0,0,0,0,0,0,0,0,0,0,0	0,0,0,0,0,0,0,0,0,0	0,1,0,0,0,0,0,0,263,0	324	234
1442	32,0,0,0,0,0,0,0,0,0,0,0,0	0,0,0,105,0,0,0,0,28,0,0,0,0	0,0,0,0,0,0,0,0,0,0	0,0,0,0,0,3,0,0,0,0	334	287
1449	0,11,0,0,0,8,0,0,0,0,0,0,0	0,83,0,0,0,0,0,0,10,0,9,0,0	0,0,0,0,0,0,50,0,0,0	0,0,0,0,0,0,0,0,0,0	291	241
1450	0,0,0,0,0,0,0,0,0,0,0,0,0	0,0,1,0,0,0,0,0,0,0,0,0,0	0,0,0,0,0,0,0,3,0,0	0,0,0,0,0,0,0,0,0,0	233	257
1451	0,0,0,0,0,0,0,0,0,0,0,0,0	0,0,1,0,0,0,0,0,0,0,245,0,0	0,0,0,0,0,0,0,3,0,0	0,0,0,0,0,0,0,0,0,0	233	283
1452	0,63,0,0,0,1,0,0,0,0,1,0,0	113,22,0,0,0,2,0,33,11,0,2,2,0	0,1,0,0,0,71,3,94,0,2	0,0,0,0,0,0,0,107,16,0	318	327
1458	0,23,0,0,0,0,0,0,0,0,0,0,0	0,107,0,0,0,0,0,0,0,0,0,0,0	0,0,0,0,0,0,0,0,0,0	0,0,0,0,0,0,82,0,0,0	196	210
1461	0,81,0,0,0,0,0,0,0,0,0,0,0	0,0,0,0,0,0,0,0,0,0,0,0,0	0,0,0,0,0,0,0,4,0,0	0,0,0,0,0,0,4,133,0,0	306	313
1462	0,43,0,0,0,0,0,0,0,0,0,0,0	0,0,0,0,0,0,0,0,0,0,0,712,0	0,0,0,0,0,0,0,0,0,0	0,14,0,0,0,0,0,0,0,0	201	287
1463	47,0,0,0,0,0,0,0,0,0,3,216,0	0,77,0,0,0,0,0,0,0,0,0,0,0	0,43,0,29,0,44,212,0,0,255	0,0,0,0,0,0,0,0,0,185	234	216
1468	0,0,0,0,0,0,0,0,0,0,0,121,0	0,33,0,0,0,0,0,0,0,0,78,0,0	0,0,0,0,0,0,0,0,0,0	0,0,0,0,0,0,23,0,0,0	265	230
1477	0,34,0,0,0,0,0,0,0,0,0,0,0	0,38,0,0,0,64,0,0,0,0,0,0,0	0,0,0,0,0,2,82,0,20,0	0,0,0,0,0,0,0,0,16,260	297	263
1483	0,0,0,7,0,0,0,0,1,0,0,0,0	41,91,0,0,13,0,0,0,37,0,540,0,0	0,152,0,0,0,47,143,0,0,0	0,0,0,0,1,98,298,0,1,50	262	345
1484	0,60,0,0,0,0,0,0,0,0,0,0,0	0,3,0,41,0,117,1,0,12,0,177,2,0	0,0,0,0,0,0,0,0,0,6	0,0,0,0,0,0,276,51,141,96	255	262
1485	74,383,0,57,0,114,0,0,2,0,0,2,0	0,0,0,4,0,0,0,0,0,0,0,0,0	0,0,0,0,0,88,0,0,244,0	0,0,0,0,0,0,0,0,0,0	222	222
1489	0,0,0,0,0,0,0,197,38,0,0,0,0	0,8,0,0,0,0,0,0,0,0,0,0,0	0,0,0,0,0,0,0,0,0,0	0,0,0,0,0,0,9,0,0,0	225	189
1494	22,283,0,0,0,74,0,16,0,0,0,0,1	0,118,0,0,0,0,49,0,0,0,259,0,0	50,0,0,0,0,80,69,4,0,0	0,0,0,0,0,0,418,61,0,0	261	211
1501	1,0,0,0,0,0,0,0,0,0,0,103,0	0,0,0,0,0,0,0,0,0,0,0,0,0	0,41,0,0,0,32,0,0,0,0	0,0,0,2,0,0,102,0,0,0	526	272
1509	0,78,0,0,0,0,0,0,0,0,308,13,0	0,318,0,1,19,0,0,10,20,0,182,840,2	0,0,0,0,0,0,40,0,0,0	0,95,0,0,0,97,38,151,17,0	289	289
1510	0,0,0,0,0,0,0,0,0,0,0,2,0	6,8,2,0,0,0,0,0,0,0,0,0,0	0,404,0,0,1,0,0,0,0,0	0,0,0,0,0,0,0,0,0,200	189	255
1511	0,0,0,0,0,0,0,0,32,0,1,0,0	6,8,2,0,0,0,0,0,0,0,0,0,0	12,14,0,0,0,0,0,0,0,0	0,0,0,0,0,0,0,0,0,200	198	255
1513	0,0,0,0,0,0,0,0,32,0,1,0,0	0,0,0,0,0,0,0,0,0,0,0,2,0	12,14,0,0,0,0,0,0,0,0	0,404,0,0,1,0,0,0,0,0	198	189
1514	0,0,0,0,0,0,0,0,12,0,0,0,0	0,0,0,0,0,146,0,0,0,0,237,0,0	0,0,0,0,0,0,0,0,0,0	1,0,0,0,0,0,0,0,0,0	426	423
1518	0,0,0,0,0,0,0,0,0,0,0,0,0	5,0,1,0,0,0,0,0,0,0,252,0,0	0,0,0,0,0,0,163,0,10,0	0,0,0,0,0,44,27,0,0,0	250	196
1520	0,12,0,0,0,87,0,0,0,0,0,0,0	0,90,0,0,0,0,0,0,12,0,0,0,0	0,0,0,0,0,133,0,8,31,0	0,0,0,0,0,0,78,0,0,0	354	273
1521	0,12,0,0,0,0,0,0,0,0,0,0,0	0,90,0,0,0,0,0,0,12,0,0,0,0	0,0,0,0,0,0,0,0,0,0	0,0,0,0,0,0,78,0,0,0	354	273
1523	0,66,0,0,0,0,0,101,0,0,0,0,0	0,108,0,0,0,0,0,0,17,0,219,0,0	99,0,0,0,0,29,33,0,7,74	0,0,0,0,0,0,0,0,0,0	342	345
1525	0,0,0,0,0,0,0,15,0,0,0,0,0	0,215,0,0,0,0,0,0,3,0,0,0,2	0,0,0,0,0,0,0,0,0,0	0,15,0,0,0,0,35,23,0,0	305	170
1527	0,0,0,0,0,0,0,0,0,0,0,0,0	0,0,0,0,0,96,0,0,0,0,0,0,0	0,0,0,0,0,0,81,0,0,0	0,0,0,0,0,0,0,0,0,0	240	285
1535	0,0,0,0,0,0,0,0,0,0,0,174,0	0,0,0,1,0,0,0,0,0,0,0,0,0	0,0,0,0,0,0,16,0,0,0	0,0,0,0,0,0,48,0,0,0	285	328
1536	0,0,0,0,0,0,0,0,0,0,0,169,0	0,43,0,0,1,0,0,0,0,0,0,0,0	0,288,0,0,0,0,0,0,0,0	0,0,0,0,0,0,0,0,0,0	328	187
1537	0,0,0,0,0,0,0,0,0,0,0,0,0	0,48,0,0,1,0,0,0,0,0,0,0,0	0,0,0,0,0,0,23,0,0,0	0,0,0,0,0,0,0,0,0,0	187	300
1542	0,0,0,0,0,0,0,0,31,0,0,259,0	0,0,0,0,0,0,0,0,0,0,0,300,0	0,0,0,0,0,0,0,0,0,0	0,0,0,0,0,65,0,0,0,0	282	215
1543	0,0,385,0,0,0,0,0,0,0,220,0,0	0,11,0,0,0,0,0,0,0,0,0,0,0	0,0,0,0,0,0,0,0,0,0	0,0,0,0,0,34,0,0,0,0	253	280
1545	63,52,0,0,0,0,0,0,0,0,0,0,0	0,36,0,0,0,0,0,0,0,0,0,0,0	0,0,0,0,46,0,0,0,0,0	0,0,0,0,0,0,0,0,0,0	219	207
1554	0,0,0,0,0,0,0,0,1,0,0,165,0	0,0,0,0,0,0,0,0,0,0,0,0,0	0,0,0,0,0,0,0,0,0,0	0,0,0,0,0,42,0,1,0,0	194	255
1556	0,0,0,0,0,0,0,0,0,0,0,0,0	48,48,0,0,54,68,0,0,0,0,0,0,0	0,0,0,0,0,30,0,0,0,8	0,0,0,0,0,3,0,139,0,0	304	252
1557	8,58,0,0,0,0,0,118,0,0,0,0,0	0,0,0,0,0,1,0,0,0,0,0,0,0	0,0,0,0,0,2,0,0,0,0	0,250,0,0,0,0,0,0,330,0	250	241
1560	0,39,0,0,0,0,0,0,0,0,0,0,0	0,0,0,0,0,0,0,0,16,0,0,0,0	0,0,0,0,0,0,0,0,0,0	0,356,0,0,0,0,0,0,0,0	255	245
1561	0,39,0,0,0,0,0,0,0,0,0,0,0	0,0,0,0,0,0,0,0,0,0,0,0,0	0,0,0,0,0,0,0,0,0,0	0,372,0,0,0,0,3,0,0,0	255	256
1562	0,39,0,0,0,0,0,0,0,0,0,0,0	0,0,0,0,0,0,0,0,0,0,0,0,0	0,0,0,0,0,0,0,0,0,0	0,372,0,0,0,0,3,0,0,0	255	259
1567	0,96,0,0,0,0,0,0,0,0,0,0,0	0,0,152,0,0,0,0,0,0,0,0,0,0	0,0,0,0,0,0,215,26,0,0	0,0,0,0,0,0,0,0,0,0	320	306
1579	0,0,0,0,0,0,0,0,0,0,0,0,0	0,0,0,0,0,0,0,0,0,0,8,0,0	0,293,0,0,0,0,0,0,0,0	0,0,0,0,0,0,0,0,0,0	269	232
1582	0,31,0,0,0,0,0,0,0,0,112,0,0	0,50,2,0,0,0,0,0,0,0,3,0,0	0,0,0,0,0,13,0,0,0,0	0,0,0,0,0,0,0,0,0,0	165	303
1593	2,155,4,0,0,0,1,1,34,0,1,21,0	0,28,0,1,0,87,0,0,0,0,0,0,0	306,0,0,0,0,1,0,50,0,7	0,0,0,0,0,2,1,0,0,0	303	336
1595	0,123,0,0,0,6,0,0,52,2,0,0,2	1,61,0,0,0,0,0,0,47,540,0,2,0	731,0,0,0,0,76,523,96,0,25	0,0,0,0,0,153,428,51,2,0	334	305
1596	48,636,0,51,17,53,0,0,78,0,0,115,0	1,39,0,18,0,47,0,0,80,2,10,465,0	949,216,0,0,7,314,710,166,7,3	0,0,0,0,0,63,354,0,195,135	369	288
1597	0,0,0,0,0,0,0,0,0,0,0,0,0	0,0,0,0,1,0,0,0,0,0,0,0,0	0,0,0,0,0,25,0,0,99,0	0,0,0,0,0,0,0,21,0,0	199	196
1599	0,0,0,0,0,0,0,0,0,0,0,0,232	0,22,0,0,0,0,0,0,10,0,0,0,0	0,0,0,0,1,0,0,0,0,0	0,0,0,0,0,0,0,0,0,0	266	222
1601	195,507,409,0,128,602,1,804,155,662,1484,1985,0	1,599,595,383,721,1074,147,1560,144,27,2440,1600,0	95,133,0,0,169,415,394,35,328,171	1192,1162,0,682,0,258,1582,148,426,583	3111	5412
1604	0,54,0,0,0,0,0,0,0,0,0,0,0	1,42,1,0,0,0,0,0,0,0,0,0,0	0,0,0,1,0,44,0,0,0,0	0,0,0,0,0,0,0,0,0,0	223	301
1614	0,0,0,0,0,0,0,0,0,1,0,0,0	0,0,0,0,0,0,0,0,0,0,0,0,0	0,0,0,0,0,0,0,0,0,0	0,0,0,0,0,0,279,0,0,0	168	264
1619	0,0,0,0,282,0,0,0,16,319,0,0,0	0,0,0,25,2,370,0,0,0,0,54,0,0	0,323,0,0,0,0,0,0,0,0	0,0,0,0,0,0,97,75,0,0	295	833
1620	0,0,0,0,0,0,0,0,0,0,0,0,0	0,1,0,0,0,0,0,0,0,0,0,0,0	0,0,0,0,0,42,0,0,0,0	0,0,0,0,0,0,0,0,0,0	201	223
1621	0,0,0,0,0,0,0,0,0,0,0,0,0	0,20,0,0,0,0,0,0,0,0,0,0,0	0,0,0,0,0,42,0,0,0,0	0,0,0,0,0,0,0,0,0,0	201	223
1625	6,0,0,0,0,0,0,0,42,0,0,0,0	0,47,0,0,0,0,0,3,10,1,0,0,0	0,0,0,0,0,3,234,0,0,0	516,0,0,0,0,15,0,0,0,0	246	282
1626	6,0,0,0,0,0,0,0,59,0,0,0,0	0,221,0,0,0,0,0,0,0,0,0,0,0	0,0,0,0,0,3,234,0,0,0	0,0,0,0,0,1,94,0,0,0	246	246
1628	0,2,0,0,7,0,0,0,0,0,0,0,0	0,0,0,0,0,0,0,0,0,0,0,0,0	0,0,0,2,0,0,0,0,9,0	0,0,0,0,0,0,1,0,0,0	223	223
1629	0,52,0,0,0,0,0,0,0,0,0,0,0	0,11,0,0,0,112,0,0,0,0,8,0,0	0,40,0,0,0,26,0,72,137,0	22,0,0,0,0,1,0,0,61,0	179	179
1630	0,0,0,0,0,175,0,0,0,0,0,1,0	0,0,0,0,0,112,0,0,0,0,0,0,0	0,0,0,0,0,0,127,0,0,0	22,0,0,0,0,0,6,0,56,0	179	179
1631	2,31,298,0,0,190,0,0,0,0,8,0,0	0,0,0,0,0,0,0,0,0,0,0,0,0	0,0,0,0,0,1,0,0,5,208	0,29,0,0,0,1,1,0,0,0	223	223
1635	0,0,0,0,0,0,0,0,0,0,437,0,0	0,0,0,0,0,71,0,0,0,0,0,0,0	0,0,0,0,0,0,65,0,0,0	0,0,0,0,0,62,0,0,1,0	299	242
1637	0,22,0,0,0,0,0,0,0,214,231,0,0	0,0,164,12,0,83,0,0,0,0,451,0,0	0,0,0,0,0,0,0,0,0,0	0,0,0,91,0,0,34,0,2,0	302	299
1638	0,0,0,0,0,0,0,0,0,0,0,0,0	0,1,0,0,0,0,0,0,0,0,0,0,0	76,0,0,0,0,0,0,0,0,0	0,0,0,0,0,0,0,0,0,0	192	213
1640	0,33,0,0,0,0,0,0,0,171,0,0,0	0,1,0,0,0,0,0,453,4,0,0,0,0	0,33,0,0,0,0,0,0,0,0	251,0,0,0,0,0,0,46,0,28	240	216
1646	0,3,0,0,0,0,0,0,0,0,0,24,0	0,0,0,0,0,0,0,0,14,0,0,0,0	0,0,0,0,0,0,0,0,0,0	0,0,0,0,0,102,0,0,0,0	208	231
1652	0,78,0,3,0,0,0,273,14,0,44,0,0	29,0,382,0,0,202,0,15,0,0,257,0,0	3,0,0,12,0,78,201,9,0,0	0,0,0,0,0,0,126,0,33,0	156	219
1657	0,2,0,0,0,0,0,0,0,0,0,0,0	0,2,0,0,0,0,0,0,0,0,0,0,0	0,0,0,0,0,0,2,0,0,0	0,0,0,0,0,0,0,0,0,0	239	277
1659	41,537,319,0,125,316,0,1,62,0,314,219,2	0,0,0,0,0,112,0,0,33,0,0,0,0	1,181,0,0,1,154,310,0,14,1	0,0,0,0,0,0,0,0,0,0	318	207
1661	0,92,0,0,361,102,0,0,85,0,776,69,1	0,0,0,0,0,100,0,0,0,0,0,0,0	0,0,0,0,0,0,0,156,136,0	0,9,0,0,0,0,0,0,5,0	306	225
1662	0,92,0,0,361,102,0,0,85,0,776,69,1	0,0,0,0,0,0,0,0,0,0,0,0,0	0,0,0,0,0,0,0,204,136,0	0,9,0,0,0,0,0,0,0,0	306	225
1664	8,260,0,0,0,0,0,0,9,109,628,0,0	0,0,0,0,0,0,0,0,0,0,0,0,0	0,0,0,0,0,0,19,39,0,0	0,16,0,0,0,32,0,0,0,305	279	329
1673	0,65,0,0,0,0,0,0,13,0,209,0,0	0,0,0,0,0,0,0,0,0,0,0,3,0	0,0,0,0,0,0,153,0,0,0	0,0,0,0,0,24,0,0,0,0	267	273
1675	0,0,0,0,0,0,0,0,0,1,0,0,0	0,0,382,78,1,102,0,0,0,0,531,0,0	0,10,0,0,0,112,2,0,0,0	3,354,0,0,0,0,62,12,0,0	285	282
1679	0,132,0,0,0,2,0,0,0,0,54,0,0	0,75,0,0,0,29,0,0,0,0,0,0,0	0,0,0,0,0,75,0,0,0,0	0,0,0,0,0,58,0,0,0,0	259	300
1681	0,31,0,55,0,154,0,0,0,0,0,0,0	0,47,0,0,0,0,0,0,0,0,0,0,0	0,0,0,0,0,59,0,0,0,0	0,0,0,0,0,11,0,0,0,0	259	259
1682	0,41,0,0,0,0,0,0,0,0,0,0,0	7,115,0,0,0,0,0,0,0,0,0,0,0	0,0,0,0,0,0,0,0,0,0	0,0,0,0,0,0,0,0,100,1	213	231
1697	0,6,0,0,0,46,0,12,0,0,0,0,0	0,0,0,0,0,0,1,0,0,0,0,0,0	0,0,0,0,0,61,338,0,0,0	0,0,0,0,0,0,0,0,0,0	340	297
1698	0,0,0,0,0,24,0,0,0,0,0,0,0	24,24,1,1,0,71,0,0,52,0,0,2,0	0,0,0,0,0,0,0,0,0,0	480,0,0,0,1,0,0,0,100,0	412	611
1701	7,0,0,0,0,163,0,0,24,0,304,0,0	0,0,0,0,0,0,0,0,0,0,435,0,0	0,268,0,0,0,196,0,0,48,0	0,0,0,0,0,0,155,0,0,0	241	231
1702	7,0,0,0,0,163,0,0,24,0,304,0,0	0,0,0,0,0,0,0,0,0,0,435,0,0	0,268,0,0,0,196,0,0,48,0	0,0,0,0,0,0,155,0,0,0	241	237
1706	0,39,0,0,0,0,0,0,0,0,0,0,0	0,0,0,0,0,0,0,0,0,0,0,0,1304	0,0,0,0,0,0,0,0,0,0	0,0,0,0,0,72,0,0,0,0	217	292
1716	0,83,0,0,0,0,1,0,5,1,117,0,0	0,224,0,1,0,0,0,0,0,0,34,0,0	0,0,0,0,0,0,0,48,0,0	0,0,0,0,0,66,207,0,0,0	265	265
1717	0,114,0,0,0,0,0,0,0,1,0,0,0	3,90,0,0,0,0,0,0,0,0,0,0,0	0,0,0,1,0,0,0,0,0,0	0,222,0,0,0,0,0,0,0,0	204	243
1720	0,8,0,0,0,0,0,0,0,0,0,0,0	0,0,0,0,1,0,0,0,4,0,0,0,0	0,0,0,0,0,0,0,0,0,0	0,0,0,0,0,0,20,0,0,0	200	243
1732	0,0,0,0,0,0,0,0,0,0,0,0,0	0,1,0,0,0,0,0,0,0,0,0,0,0	0,0,0,0,0,0,1,0,0,0	0,0,0,0,0,0,0,0,0,0	307	231
1733	0,0,0,0,0,0,0,0,0,0,0,0,0	0,1,0,0,0,0,0,0,0,0,0,0,0	0,0,0,0,0,0,1,0,0,0	0,0,0,0,0,0,0,0,0,0	307	266
1734	0,0,0,0,0,0,0,0,0,0,0,0,0	0,1,0,0,0,0,0,0,0,0,0,0,0	0,0,0,0,0,0,1,0,0,0	0,0,0,0,0,0,0,0,0,0	307	311
1748	52,288,0,0,153,0,0,857,0,51,0,0,0	0,122,0,0,1,22,0,0,37,0,0,0,0	109,126,0,1,0,0,146,0,215,0	0,0,0,0,0,0,339,0,0,0	352	346
1750	95,8,0,0,0,0,0,0,0,0,0,0,0	0,21,0,0,0,0,0,0,0,0,0,0,0	0,0,0,0,0,1,0,0,0,0	0,0,0,0,0,1,10,0,0,0	289	292
1754	0,0,0,0,0,0,0,0,0,0,129,0,0	5,0,0,0,0,0,0,0,29,0,2,293,0	0,1,0,0,0,113,0,18,0,144	0,350,0,0,0,0,0,0,0,0	246	326
1756	0,57,0,0,173,0,0,0,0,0,0,0,0	8,0,1,1,0,70,0,0,1,1,1,90,0	0,0,0,0,0,48,0,0,0,0	0,0,0,0,3,0,0,0,7,0	285	310
1759	0,90,0,0,21,0,0,0,0,0,0,0,0	0,77,0,0,0,0,0,0,0,0,0,45,0	0,0,0,0,0,0,0,0,0,23	0,0,0,0,0,0,0,0,0,0	234	183
1768	68,113,0,0,0,2,0,0,0,0,298,0,0	0,99,175,0,141,0,1,225,0,0,0,0,0	0,0,0,0,0,0,0,0,0,0	0,0,0,0,1,49,0,0,0,0	280	247
1784	0,146,0,0,0,1,0,0,0,0,353,0,0	0,0,0,0,136,0,0,0,0,0,0,0,0	257,0,0,0,0,0,150,0,90,0	0,0,0,0,0,0,0,0,0,0	302	246
1788	0,0,0,0,0,0,0,0,0,0,0,0,0	0,121,0,0,0,0,0,0,0,0,0,0,0	0,0,0,0,0,0,185,0,0,0	0,0,0,0,0,0,0,0,0,0	217	236
1793	0,99,0,80,0,51,0,0,0,0,1,0,0	0,108,0,0,0,119,0,0,0,0,0,0,0	0,790,0,0,0,2,379,0,0,0	80,0,0,0,0,66,80,0,0,0	324	237
1794	0,83,0,177,0,51,0,0,9,0,149,0,0	0,108,0,0,0,119,0,0,0,0,0,0,0	0,387,0,0,0,0,0,146,0,0	80,0,0,0,0,66,80,0,0,0	327	237
1799	0,0,0,0,0,0,0,0,8,0,0,0,0	0,0,0,0,0,0,0,0,0,0,0,0,0	0,0,0,0,0,0,0,0,0,0	0,0,0,0,0,45,0,0,0,0	254	275
1800	0,0,0,0,0,0,0,0,8,0,0,0,0	0,54,0,0,0,0,0,0,0,0,0,0,0	0,0,0,0,0,0,0,0,0,41	0,0,0,0,0,0,0,0,0,0	275	217
1805	0,0,0,0,0,0,0,0,0,0,0,0,0	0,45,0,0,0,0,0,0,0,0,0,0,0	0,0,0,0,0,0,0,0,115,0	0,0,0,0,0,0,0,0,0,0	198	174
1822	0,0,0,0,0,0,0,0,0,0,0,0,0	0,0,0,192,0,0,0,0,0,0,0,0,0	0,0,0,0,0,0,0,0,0,134	0,32,0,0,0,0,0,0,0,33	345	258
1825	0,0,0,0,205,0,0,0,0,0,0,0,0	0,0,0,0,0,0,0,0,0,0,0,0,0	1,0,0,0,0,0,0,0,0,0	0,0,0,0,0,89,0,0,0,0	276	273
1826	0,0,0,0,0,0,0,0,0,0,0,0,0	0,0,0,11,0,0,0,0,0,0,0,0,0	0,0,0,0,0,56,0,0,0,0	63,0,0,0,2,0,0,0,0,0	256	301
1841	0,0,0,130,0,0,0,0,0,0,0,0,0	0,0,0,0,0,0,0,0,0,0,0,0,0	0,0,0,0,0,0,0,0,0,0	0,0,0,0,0,4,0,0,0,0	201	213
1844	0,0,0,0,0,0,0,0,8,0,0,0,0	0,0,0,0,0,0,0,0,0,0,0,0,0	0,0,0,0,0,0,0,0,0,0	0,0,0,0,0,0,0,149,0,0	217	238
1854	0,0,0,0,0,0,0,0,0,0,0,0,0	0,51,0,0,0,0,0,0,0,0,0,1,0	0,0,0,0,0,34,0,0,0,0	0,0,0,0,0,0,0,0,0,0	324	237
1856	0,0,0,0,0,0,0,0,0,0,5,0,0	0,0,0,0,0,0,0,0,0,0,0,0,0	0,0,0,0,0,0,0,0,0,0	0,0,0,0,0,34,0,0,0,0	159	324
1861	21,129,0,111,0,279,0,0,5,0,784,312,1	0,216,0,0,0,0,0,224,0,1,338,419,0	0,0,0,251,0,19,543,0,75,0	1,6,0,0,1,84,268,11,0,0	234	325
1864	30,24,0,1,0,103,0,0,1,0,2,0,0	0,22,0,0,0,0,0,0,0,0,0,0,0	0,0,0,0,0,11,142,0,0,0	0,0,0,0,0,0,0,0,0,0	348	219
1865	0,15,0,0,26,0,0,0,0,0,0,0,0	56,2,0,0,0,0,0,0,0,0,396,130,0	0,0,0,0,0,0,0,0,0,0	0,0,0,0,0,0,8,0,0,0	475	310
1870	0,0,0,0,0,0,0,0,0,0,0,0,0	0,35,0,0,0,0,0,0,0,0,0,0,0	0,0,0,0,0,48,0,0,0,0	0,0,0,0,0,0,0,0,0,0	231	274
1875	0,115,0,0,0,0,0,0,6,0,23,1,0	0,0,0,0,0,0,0,0,0,0,0,180,0	0,0,0,0,0,0,31,14,127,0	0,0,0,0,0,0,0,0,0,0	222	222
1889	0,0,0,0,0,1,0,0,0,0,0,0,0	0,0,0,0,0,0,0,0,24,0,0,0,0	0,0,0,0,0,0,0,0,0,0	0,0,0,1,0,0,0,0,0,0	254	226
1891	0,36,0,0,0,0,0,1,0,0,0,0,0	75,0,0,0,0,44,0,0,10,0,49,0,0	0,0,0,0,0,0,0,0,0,0	0,0,0,0,4,0,297,0,0,176	286	323
1893	0,3,0,0,0,0,0,0,0,0,0,0,0	0,2,0,0,0,0,0,0,0,0,0,0,0	0,0,0,0,0,0,0,0,0,0	0,0,0,0,0,0,3,0,0,0	247	184
1894	0,0,0,0,0,0,0,0,0,0,0,0,0	0,2,0,0,0,0,0,0,0,0,0,0,0	0,0,0,0,0,0,0,0,0,2	0,0,0,0,0,0,3,0,0,0	250	184
1895	24,50,0,0,0,0,0,0,0,0,90,0,0	0,0,0,0,0,0,0,0,0,0,0,0,0	377,0,0,0,0,0,298,0,0,0	0,0,0,0,0,0,2,0,0,0	217	250
1896	0,0,0,41,0,0,0,0,0,0,0,4,0	10,82,0,0,0,0,0,0,0,0,453,0,0	0,0,0,0,0,0,0,0,0,0	0,0,0,0,0,0,0,0,2,0	228	255
1897	1,1,0,0,0,28,0,0,0,0,0,0,0	0,0,0,0,0,0,0,0,0,0,0,0,0	0,208,0,0,0,2,0,1,1,0	1,0,0,0,0,0,0,0,0,0	249	171
1898	1,1,0,0,0,28,0,0,0,0,0,0,0	0,0,0,0,0,0,0,0,0,0,281,0,0	0,208,0,0,0,2,0,1,1,0	0,0,0,0,0,0,0,0,22,0	249	174
1907	0,0,0,0,0,0,0,0,0,0,0,0,0	0,0,0,0,0,0,0,0,26,0,0,0,0	0,0,0,0,0,0,0,146,0,0	0,210,0,0,0,0,0,0,0,0	320	260
1916	18,24,0,0,0,0,0,0,0,0,0,0,0	0,0,0,0,0,9,0,0,0,0,0,0,0	0,0,0,0,0,0,0,0,0,0	0,0,0,0,0,49,29,0,0,0	353	309
1923	0,0,0,0,0,0,0,0,0,18,0,0,0	0,0,0,0,0,0,0,0,0,0,142,0,0	0,2,0,0,0,50,0,0,0,0	0,0,0,0,0,0,0,0,0,0	258	255
1927	0,0,0,0,0,0,0,0,0,0,0,0,0	0,133,0,0,0,245,0,9,22,0,501,0,0	0,0,0,0,0,72,0,0,0,0	0,0,0,0,0,0,0,0,0,102	236	305
1928	0,14,1,0,0,0,0,0,0,0,0,0,0	0,0,0,0,0,0,0,0,0,0,0,1,0	0,0,0,0,0,1,0,0,0,0	0,0,0,0,0,0,0,0,0,0	344	312
1929	0,0,0,0,0,0,0,0,0,0,0,0,0	0,66,0,0,0,0,0,0,0,0,0,0,0	0,0,0,0,0,47,0,0,0,0	0,0,0,0,0,0,0,0,0,0	203	221
1931	0,55,0,0,0,0,0,0,0,0,0,0,0	0,0,0,0,0,0,0,0,0,0,0,0,0	0,0,0,0,0,0,0,0,0,0	0,50,0,0,0,0,0,0,0,0	301	243
1934	0,15,0,0,0,0,0,0,0,0,0,0,0	0,0,0,0,0,0,0,0,0,0,360,0,0	0,0,0,0,0,0,0,0,0,0	0,0,0,0,0,0,0,0,9,0	237	305
1935	0,15,0,0,0,0,0,0,0,0,0,0,0	0,0,0,0,0,0,0,0,0,0,0,0,0	0,0,0,0,0,0,0,0,0,0	479,0,0,0,0,60,1,188,0,0	237	242
1939	0,0,0,0,0,63,0,0,0,0,0,0,0	0,0,0,0,0,0,0,0,0,0,0,0,0	0,0,0,0,0,0,4,0,0,0	0,0,0,0,0,0,0,0,0,25	276	201
1948	0,0,348,0,0,0,0,0,0,0,210,0,10	0,0,0,0,0,0,0,0,0,0,0,0,0	0,0,0,0,0,0,0,0,0,0	0,0,0,0,0,0,0,0,0,116	292	305
1958	0,68,0,0,0,0,0,0,0,0,0,0,0	0,0,0,0,0,0,0,0,0,0,0,2,0	0,0,0,0,0,0,0,1,0,0	419,0,0,0,0,0,0,6,0,0	264	264
1962	0,2,0,0,0,0,0,0,0,0,0,0,0	0,34,0,0,0,0,0,0,0,0,0,0,0	2,0,0,0,0,0,0,14,9,0	0,0,0,0,0,19,0,0,0,0	320	237
1964	1,48,0,7,0,0,0,131,0,1,0,0,0	1,50,0,0,0,0,0,0,1,0,1,0,0	0,0,0,0,0,0,4,0,0,0	0,0,0,0,0,0,0,59,0,0	439	228
1973	0,44,0,0,0,0,0,0,0,0,119,0,0	2,7,0,0,0,181,0,0,0,0,89,0,0	0,0,0,0,10,0,1,0,0,8	0,0,0,0,0,0,0,0,0,0	237	276
1974	0,0,0,0,10,0,0,0,0,0,0,39,0	0,0,0,0,0,0,0,0,0,0,0,0,0	0,0,0,0,0,0,1,0,0,0	0,0,0,0,0,0,1,0,0,0	306	295
1994	0,52,0,0,0,0,0,0,1,0,0,0,0	0,0,0,0,0,0,0,0,0,0,0,1,0	0,0,0,0,0,0,146,1,0,0	62,0,0,0,0,78,0,52,0,0	223	223
2004	0,0,0,0,0,0,0,0,0,0,0,0,0	0,28,89,0,0,2,0,0,0,0,0,0,0	0,0,0,0,0,43,0,0,0,0	0,0,0,0,51,0,0,15,0,0	237	330
2018	0,68,0,0,0,0,0,0,0,0,0,0,0	0,41,0,0,0,0,0,0,0,0,0,0,0	0,29,0,0,0,0,68,0,0,0	0,0,0,0,0,7,134,0,0,0	256	292
2023	0,0,0,0,0,0,0,0,0,0,0,0,0	0,15,0,0,0,0,0,0,0,0,0,0,0	0,0,0,0,0,24,0,3,0,0	0,0,0,0,0,0,0,0,0,0	234	208
2033	0,0,0,0,0,0,0,0,0,0,0,0,0	0,131,0,0,0,0,0,0,0,0,0,0,0	0,91,0,0,0,44,1,0,0,0	0,0,0,0,0,0,0,0,0,0	227	277
2034	0,0,0,0,0,104,0,0,0,0,0,0,0	0,0,0,0,0,0,0,0,0,0,0,0,0	0,0,0,0,0,0,0,0,0,0	184,0,0,0,0,0,0,0,0,0	234	324
2035	0,0,0,0,0,0,0,0,0,0,0,0,0	0,37,0,0,0,0,0,0,0,0,0,0,0	184,0,0,0,0,0,0,0,0,0	0,0,0,0,0,0,0,0,0,0	201	234
2037	0,19,0,0,0,0,0,0,0,0,0,5,0	4,159,111,15,610,5,0,0,0,0,6,221,0	2,0,0,0,0,0,99,0,0,0	107,0,0,0,15,112,1,24,0,137	324	310
2043	0,0,0,0,0,0,0,0,0,0,0,1,0	0,0,0,0,0,0,0,0,0,0,0,0,0	0,0,0,0,0,2,0,0,0,0	0,0,0,0,0,0,12,0,0,0	323	323
2051	0,36,0,0,1,0,0,0,0,1,0,1,0	0,38,0,0,0,0,0,0,6,0,830,0,0	0,259,0,0,1,0,0,0,0,0	0,245,0,0,0,48,0,0,0,0	225	269
2057	0,6,0,0,0,0,0,0,0,0,3,66,0	0,0,0,0,0,0,0,0,0,0,0,0,0	0,0,0,0,0,1,0,0,0,0	0,0,0,0,0,1,0,0,0,0	244	277
2058	0,89,0,0,0,0,0,0,0,0,0,0,0	0,0,0,0,0,0,0,0,20,0,0,0,0	0,0,0,0,0,14,7,0,0,0	0,0,0,0,0,0,0,0,0,0	277	214
2064	0,0,0,0,0,0,0,0,0,0,0,117,0	0,0,0,0,178,0,0,0,0,0,174,0,0	0,0,0,0,0,0,525,0,0,0	0,173,0,0,0,0,0,0,0,0	279	177
2072	0,63,0,0,0,0,0,0,0,0,0,0,0	0,0,0,0,1,225,0,0,0,0,1,0,0	0,0,0,0,0,67,0,0,0,0	0,0,0,0,0,0,312,0,52,0	343	279
2076	0,34,0,0,0,0,0,0,0,0,0,0,0	0,0,0,0,0,0,0,0,0,0,0,0,0	0,0,0,0,0,0,0,0,0,0	0,0,0,0,0,0,0,2,0,0	299	267
2081	0,0,0,2,0,0,0,0,3,0,0,0,0	0,39,0,0,0,0,0,0,0,0,0,0,0	0,0,0,0,0,86,0,0,85,0	0,0,0,0,0,0,0,0,0,0	279	189
2083	0,52,0,0,0,5,0,0,0,0,2,0,0	0,0,0,0,0,0,0,0,0,0,0,0,0	85,0,0,0,0,0,0,1,13,17	84,0,0,1,0,0,0,0,1,0	237	204
2108	0,0,0,0,0,0,0,0,0,0,0,0,0	0,4,0,0,0,0,0,0,6,0,0,0,0	0,0,0,0,0,0,47,0,0,0	0,0,0,0,0,42,0,72,1,0	189	228
2115	0,75,0,0,0,0,0,0,0,0,0,0,0	0,0,0,0,0,0,0,24,0,0,0,0,0	0,0,0,0,0,0,0,0,0,0	0,2,0,0,0,0,3,8,17,0	255	353
2139	0,48,0,0,0,0,0,0,0,0,0,0,0	0,0,0,0,0,0,0,0,0,0,0,0,0	0,0,0,0,0,0,0,0,0,0	0,0,0,0,0,1,7,0,0,0	265	265
2142	0,0,0,0,0,0,0,0,0,0,0,0,0	2,67,0,0,0,114,0,0,0,0,0,0,0	0,1,0,0,0,0,0,0,0,0	0,0,0,0,0,0,229,60,0,0	256	239
2143	0,45,0,0,0,138,0,0,17,0,0,81,0	11,4,0,0,0,0,47,0,0,0,0,372,0	129,164,0,0,0,150,266,315,3,459	0,91,0,0,9,26,160,138,0,0	231	192
2145	0,0,0,0,0,0,0,0,0,0,39,0,0	11,73,0,0,0,0,0,0,14,1,0,0,0	0,0,0,0,0,0,86,159,0,46	0,0,0,0,0,0,7,48,0,0	224	224
2146	0,0,0,0,0,0,0,0,21,0,0,0,0	0,1,0,0,0,0,0,0,0,0,0,30,0	0,0,0,0,0,0,0,0,0,0	0,0,0,0,0,0,67,0,158,0	307	315
2152	0,112,0,0,0,1,0,0,0,0,0,0,0	8,14,0,0,0,0,0,0,0,0,0,0,0	7,0,0,0,0,49,235,0,45,112	0,0,0,0,0,0,0,0,0,0	240	313
2169	0,59,0,0,0,0,0,0,0,0,0,0,0	2,0,0,3,0,0,0,0,0,0,0,299,0	60,0,0,0,7,43,0,0,0,0	0,249,0,0,0,0,0,0,0,0	289	289
2170	0,104,0,0,0,0,0,0,0,0,0,0,0	2,271,0,0,0,0,0,0,0,477,0,108,0	0,0,0,0,0,0,0,0,172,0	0,0,0,0,0,0,134,0,0,0	258	291
2177	0,0,0,0,284,0,0,0,0,0,0,0,0	0,22,0,0,0,0,0,264,0,106,252,0,0	0,0,0,0,0,0,1,0,0,0	444,98,0,0,2,82,175,58,1,0	379	272
2197	0,1,0,0,0,0,0,0,0,0,0,0,0	0,0,0,0,0,0,0,0,0,0,0,0,0	0,0,0,0,0,0,0,0,0,0	0,0,0,0,0,0,0,0,18,0	1105	296
2207	0,0,0,0,0,75,0,0,15,0,0,0,0	0,46,0,0,0,0,0,0,0,0,0,0,0	0,0,0,0,0,0,0,0,197,0	0,0,0,0,0,0,0,0,0,0	244	249
2213	41,0,0,21,0,0,0,0,0,0,7,0,0	4,53,0,0,0,0,0,0,0,0,0,0,0	0,0,0,0,0,0,3,73,0,0	0,0,0,0,0,0,0,0,0,0	221	258
2227	0,0,0,0,0,0,0,0,0,0,0,0,0	0,0,0,0,0,0,0,34,0,0,0,0,0	0,0,0,0,0,0,0,0,0,138	0,0,0,0,0,1,0,0,0,0	198	261
2229	0,0,0,0,0,0,0,0,0,0,249,0,0	1,0,0,0,0,57,0,0,0,0,0,0,0	0,0,0,0,0,0,152,0,0,0	0,0,0,0,0,4,0,0,0,38	261	231
2234	0,0,0,0,0,0,0,0,0,0,0,0,0	0,14,0,0,0,99,0,0,0,0,0,0,0	1,0,0,0,0,0,0,0,0,0	0,0,0,0,0,0,0,0,0,0	266	369
2239	0,0,0,0,0,0,0,0,14,0,0,0,0	0,0,0,0,0,0,0,0,0,0,0,0,0	0,0,0,0,0,0,0,0,0,0	0,0,0,0,0,0,0,0,0,1	219	186
2250	0,9,0,0,0,0,0,0,0,0,0,0,0	0,0,0,0,0,0,0,0,0,0,257,0,0	106,0,0,0,0,81,0,1,0,0	0,0,0,0,0,0,0,1,0,0	286	243
2252	7,11,0,0,0,76,0,0,0,0,0,314,89	39,76,0,0,0,0,0,0,1,0,0,0,0	0,0,0,1,31,49,21,170,91,0	0,0,0,0,0,94,179,137,34,0	290	319
2257	0,91,95,0,0,0,0,277,0,0,0,0,0	0,19,0,0,0,0,0,0,0,0,2,0,0	0,70,0,0,0,0,0,0,0,0	0,26,0,0,0,0,223,0,137,0	205	268
2262	0,52,0,144,0,0,0,0,15,0,0,98,0	2,48,0,0,0,0,0,0,0,0,0,0,0	0,0,0,0,0,0,24,45,34,0	0,0,0,0,0,0,0,2,141,0	465	273
2269	0,0,0,0,0,0,0,463,0,0,37,0,0	0,0,0,0,0,0,0,0,0,0,0,0,0	0,0,0,0,0,2,0,0,0,0	0,0,0,0,0,0,0,0,266,0	354	309
2271	0,0,0,0,0,0,0,0,0,0,0,0,0	0,77,0,0,0,0,0,0,0,0,0,0,0	0,0,0,0,0,0,60,0,0,0	0,0,0,0,0,24,0,0,0,0	210	218
2278	50,0,0,0,0,103,0,0,0,0,0,0,0	0,0,22,0,0,0,0,0,0,0,8,0,0	0,0,0,0,0,0,3,0,0,0	1,0,0,0,0,48,0,0,145,0	312	298
2284	0,1,0,0,0,0,0,0,0,0,156,0,0	0,31,0,0,0,0,0,0,0,0,0,133,0	279,0,0,0,0,0,0,0,0,0	0,1,0,0,0,0,0,26,0,0	334	408
2285	0,0,0,0,0,0,0,0,0,0,156,0,0	0,31,0,0,0,0,0,0,0,0,0,133,0	0,0,0,0,0,0,0,0,0,0	0,1,0,0,0,0,0,26,0,0	334	408
2296	0,0,0,0,0,0,0,0,0,0,0,0,0	0,58,0,0,0,0,0,0,0,0,0,0,0	0,0,0,0,0,0,5,0,0,0	0,0,0,0,0,1,4,1,0,0	271	378
2297	0,0,0,0,0,0,37,0,0,0,0,0,0	0,152,0,0,0,0,0,0,0,0,0,0,0	0,337,0,0,0,0,0,1,0,0	17,112,0,0,0,143,108,0,0,0	281	520
2309	0,0,0,0,0,0,0,0,0,0,0,0,0	0,0,0,0,0,0,0,0,0,0,8,0,0	0,427,0,0,0,0,0,0,0,0	0,0,0,0,0,0,0,15,0,0	339	355
2330	66,231,0,0,54,0,0,223,0,0,86,0,0	0,0,0,0,66,0,0,0,14,0,425,0,0	0,1,0,0,0,25,609,0,1,22	0,0,0,0,8,33,24,0,1,55	277	247
2336	1,0,0,0,0,0,0,0,0,0,0,0,0	10,278,0,0,3,0,0,0,0,0,49,0,0	0,0,0,0,0,46,48,0,0,0	0,0,0,0,0,0,14,0,220,0	198	263
2339	0,13,0,0,0,0,0,0,0,0,28,6,0	0,99,464,0,0,4,0,0,19,0,0,0,0	0,0,0,0,0,43,219,0,0,0	0,0,0,0,0,0,284,2,0,0	278	301
2344	0,0,0,0,0,0,0,0,0,0,0,0,0	22,0,0,163,0,9,0,0,0,0,0,0,0	0,0,0,0,0,36,0,0,0,0	0,0,0,0,0,0,0,0,0,0	254	290
2347	31,14,0,0,0,0,0,0,0,0,0,0,0	0,0,0,0,0,0,0,0,0,0,0,0,0	0,0,0,0,0,0,0,57,0,0	0,0,0,0,15,0,0,0,0,0	288	294
2359	3,0,0,0,0,0,0,0,0,0,69,0,0	0,0,0,0,0,0,0,257,8,0,0,0,0	0,0,0,0,0,0,0,0,0,0	1,0,0,0,0,0,76,0,0,0	341	353
2360	0,39,0,0,0,0,0,0,0,0,0,0,0	0,175,0,0,0,0,0,0,0,0,0,0,0	0,0,0,0,0,0,0,0,0,0	0,0,0,0,0,109,105,0,0,0	298	295
2369	1,0,0,0,0,0,0,0,0,0,0,1,0	0,81,196,0,0,0,0,0,0,0,0,0,0	0,2,0,0,0,0,0,0,5,182	0,108,0,0,0,1,0,0,0,94	243	252
2371	0,134,0,0,0,0,0,0,0,0,0,0,0	0,0,0,0,0,0,2,0,0,0,0,0,0	0,0,0,0,0,0,0,0,0,0	0,0,0,0,0,0,0,96,0,0	275	302
2377	0,0,8,0,0,0,0,0,0,0,0,0,0	0,70,2,1,0,0,0,0,0,0,0,0,0	0,0,0,0,0,0,0,0,0,0	0,0,0,0,0,0,0,0,0,1	325	384
2379	0,80,0,0,0,0,0,0,0,1,0,0,0	0,1,0,0,0,1,0,0,0,0,25,0,0	0,0,0,0,0,44,173,0,0,1	13,0,0,0,29,6,0,0,0,0	270	271
2380	0,0,0,0,4,132,0,140,0,424,166,0,0	0,1,0,0,0,1,0,0,0,0,25,0,0	137,10,0,0,0,52,2,0,0,0	0,0,0,0,29,6,0,0,0,0	279	271
2381	0,0,0,0,0,60,0,0,0,0,0,0,0	0,0,0,0,0,0,0,0,0,0,0,0,0	0,0,0,0,0,0,213,0,0,0	13,0,0,0,0,0,0,0,0,0	278	279
2382	0,0,0,0,0,0,0,0,0,0,0,0,0	0,3,0,0,0,4,0,0,0,0,0,0,0	0,0,0,0,0,10,0,0,279,0	0,0,0,0,0,0,1,0,1,0	222	215
2383	0,0,0,0,0,0,0,0,0,0,0,0,0	0,3,0,0,0,4,0,0,0,0,0,0,0	0,0,0,0,0,0,0,0,279,0	0,0,0,0,0,0,1,0,1,0	237	215
2384	0,0,0,0,0,0,0,0,0,0,0,0,0	0,3,0,0,0,4,0,0,0,0,0,0,0	0,0,0,0,0,0,0,0,279,0	0,0,0,0,0,0,1,0,1,0	289	215
2385	0,0,0,0,0,0,0,0,0,0,0,0,0	0,3,0,140,0,6,0,2,0,0,2,0,0	0,0,0,0,0,10,0,0,279,0	0,18,0,0,0,22,2,0,1,0	222	304
2386	0,0,0,0,0,0,0,0,0,0,0,0,0	0,3,0,140,0,6,0,2,0,0,2,0,0	0,0,0,0,0,0,0,0,279,0	0,18,0,0,0,22,2,0,1,0	237	304
2387	0,0,0,0,0,0,0,0,0,0,0,0,0	0,3,0,140,0,6,0,2,0,0,2,0,0	0,0,0,0,0,0,0,0,279,0	0,18,0,0,0,22,2,0,1,0	289	304
2392	0,104,0,0,0,60,0,0,87,303,108,0,0	0,0,0,0,0,0,0,0,0,0,0,0,0	0,0,0,1,0,12,310,0,0,65	0,0,0,0,0,0,156,74,100,0	279	274
2400	0,0,0,0,0,0,0,187,0,1,2,5,0	0,21,0,0,0,179,0,0,0,568,0,0,0	0,3,0,0,0,2,467,0,0,0	0,0,0,0,0,0,1,0,0,0	321	285
2401	46,13,0,0,0,0,0,0,0,0,1,0,0	2,10,0,0,0,6,0,58,0,575,0,0,0	3,0,0,1,0,50,0,0,0,0	0,255,0,0,0,50,68,0,0,0	273	321
2403	0,151,0,0,0,79,0,0,27,0,804,21,0	0,195,21,0,1,155,0,0,54,0,0,16,0	0,0,0,189,0,0,0,0,0,2	1,326,0,260,0,13,0,132,1,76	314	401
2404	0,151,0,0,0,79,0,0,27,0,804,21,0	0,0,0,0,0,0,0,0,0,0,0,8,0	0,0,0,189,0,0,0,0,0,2	0,0,0,0,0,0,1,0,0,7	314	251
2405	0,195,21,0,1,155,0,0,54,0,0,16,0	0,0,0,0,0,0,0,0,0,0,0,8,0	1,326,0,260,0,13,0,132,1,76	0,0,0,0,0,0,1,0,0,7	401	251
2406	0,379,21,0,1,239,0,0,73,0,0,0,0	0,0,0,0,0,0,0,0,0,0,0,0,0	1,441,0,260,0,25,0,132,1,76	0,0,0,0,0,0,1,0,0,7	401	251
2410	0,0,0,0,0,0,0,0,0,0,0,0,0	0,0,0,0,0,148,0,0,12,0,0,356,0	0,0,0,0,0,13,0,0,0,0	0,0,0,0,0,0,0,0,0,0	345	254
2412	0,10,0,0,0,0,0,0,2,0,0,0,0	0,17,0,0,0,0,0,0,24,0,554,0,0	0,0,0,0,0,0,0,0,0,0	0,0,0,0,1,17,3,0,0,0	257	272
2419	0,0,0,0,0,0,0,0,14,0,0,0,0	13,0,0,0,0,0,0,0,0,0,0,0,0	0,0,0,0,0,0,0,0,0,0	0,264,0,0,0,0,29,0,0,0	214	246
2423	0,0,0,0,0,0,0,0,0,0,67,0,0	0,0,0,0,0,0,0,368,5,0,0,0,0	0,0,0,0,0,0,11,0,0,0	0,0,0,0,0,0,0,0,0,0	250	289
2425	0,31,0,0,0,0,0,0,0,0,0,0,0	0,0,0,0,0,0,0,0,0,0,0,0,0	0,0,0,0,0,0,45,0,0,0	0,0,0,0,0,77,0,0,0,0	379	366
2427	0,64,0,0,1,0,0,0,0,0,17,0,0	0,0,0,3,0,0,0,0,0,0,0,0,0	0,0,0,0,0,46,60,0,0,0	0,0,0,0,0,0,25,0,97,0	282	375
2429	0,64,0,0,1,0,0,0,0,0,17,0,0	0,0,0,0,0,0,0,0,0,0,0,0,0	1,0,0,0,0,46,60,0,0,0	0,0,0,0,0,0,25,0,48,0	282	375
2431	0,0,0,0,0,0,0,0,0,0,0,0,0	0,102,0,0,0,0,0,0,35,0,0,0,0	0,0,0,0,0,0,0,0,0,11	68,0,0,0,0,75,18,0,2,0	213	195
2436	0,0,0,0,0,0,0,0,0,0,0,0,0	204,43,0,0,0,0,0,0,16,0,4,0,0	0,0,0,0,0,0,0,0,274,0	0,0,0,0,0,20,0,0,0,0	312	344
2446	0,15,0,0,1,0,0,0,9,0,291,0,0	0,6,0,0,0,0,0,0,0,0,0,0,0	0,0,0,0,0,17,0,0,0,0	0,44,0,0,0,0,0,0,0,0	294	377
2449	0,0,0,0,0,0,0,0,0,366,180,0,0	0,113,0,0,0,0,0,0,13,0,0,0,0	0,0,0,0,0,0,0,0,0,0	0,0,0,0,0,104,0,0,0,0	253	181
2451	0,0,0,0,0,66,0,0,0,0,0,0,0	0,0,0,0,0,0,0,0,0,0,0,0,0	0,54,0,0,0,0,0,0,0,0	0,0,0,0,0,30,0,0,0,0	218	359
2454	0,23,0,0,0,0,0,0,61,0,1,0,0	0,1,68,0,0,0,0,0,0,0,0,75,0	0,0,0,0,0,3,0,0,164,0	0,0,0,0,1,124,88,0,0,1	315	315
2468	0,38,0,0,0,0,0,0,0,0,0,0,0	0,0,0,0,0,0,0,0,0,0,0,0,0	0,0,0,0,0,44,0,0,0,0	0,0,0,0,0,128,0,0,0,0	281	285
2552	0,31,0,1,0,193,0,535,0,0,0,0,0	0,0,0,303,0,69,0,157,0,0,0,0,0	0,0,0,0,0,46,6,173,1,0	0,0,0,0,0,2,0,0,0,0	267	197
2567	14,307,0,222,127,21,1,2,26,0,3,24,0	31,366,3,167,0,56,0,5,38,1,177,8,18	0,0,0,1,0,145,313,13,0,0	303,337,0,0,0,15,126,193,1,31	336	348
2577	0,0,0,0,0,0,0,0,0,0,0,0,0	0,16,0,0,0,3,0,0,0,1,0,0,0	0,0,0,0,0,1,0,0,0,0	0,252,0,0,0,0,0,0,0,0	252	199
2579	0,8,0,0,0,0,0,0,0,0,0,264,0	105,173,0,1,135,0,1,0,0,303,227,222,0	4,0,0,0,0,17,8,0,0,0	0,0,0,0,1,108,248,0,0,0	177	312
2586	0,0,0,0,0,0,0,0,0,0,0,0,0	16,131,0,1,0,0,1,0,0,0,0,0,1	0,0,0,0,0,24,0,0,0,0	0,1,0,0,0,53,0,0,0,0	250	327
