Sample	ACCUMULATION_LEVEL	WINDOW_SIZE	TOTAL_CLUSTERS	ALIGNED_READS	AT_DROPOUT	GC_DROPOUT	GC_NC_0_19	GC_NC_20_39	GC_NC_40_59	GC_NC_60_79	GC_NC_80_100	SAMPLE	LIBRARY	READ_GROUP
1028N	All Reads	100.0	44326726.0	53328066.0	16.013462	0.000832	0.161105	0.690529	1.172228	2.498111	5.109324			
1028Oligo	All Reads	100.0	50306542.0	41181368.0	2.986301	0.962728	0.462577	0.954197	0.990654	1.576107	4.235293			
1297N	All Reads	100.0	48977167.0	71154770.0	14.038948	0.000553	0.491882	0.75162	1.08221	2.547372	13.318856			
1297Oligo	All Reads	100.0	37792001.0	49027250.0	3.172349	4.677434	0.334298	1.09593	0.92549	0.848568	1.636432			
1674N	All Reads	100.0	49139859.0	61151862.0	8.519157	0.001857	0.219775	0.834551	1.116269	1.594304	4.167281			
1674Oligo	All Reads	100.0	39185576.0	35265618.0	1.249907	3.449902	0.567993	1.058074	0.938031	1.053205	2.666351			
177oldsamplerepeat	All Reads	100.0	82381524.0	125505360.0	4.760279	4.922466	0.825398	1.181468	0.804779	1.057578	3.34539			
1841N	All Reads	100.0	45240548.0	66625742.0	16.996857	0.000515	0.257929	0.690934	1.102795	3.123514	7.083496			
1841Oligo	All Reads	100.0	55747300.0	54765968.0	3.204867	1.203676	0.503672	0.973523	0.968374	1.572995	5.214991			
1859N	All Reads	100.0	45867610.0	72982036.0	17.116018	0.000586	0.21351	0.683887	1.104259	3.128755	10.010443			
2011	All Reads	100.0	75925975.0	107148486.0	10.834072	0.001049	0.456586	0.793591	1.102533	2.101238	4.588296			
2011oldSampleRepeat	All Reads	100.0	95039312.0	123331212.0	5.644772	0.1522	0.41596	0.897071	1.039407	1.638645	6.490096			
2012	All Reads	100.0	78642036.0	104190086.0	3.344292	0.447045	0.47464	0.945183	1.004433	1.535317	3.978797			
2013	All Reads	100.0	126748253.0	189287520.0	3.463411	0.504555	0.418944	0.949612	0.991204	1.653135	2.791148			
2014	All Reads	100.0	53849850.0	69962552.0	1.252443	2.394829	0.674631	1.050896	0.93842	1.129698	1.48334			
4287N	All Reads	100.0	49848193.0	83594152.0	9.529618	0.139345	0.41321	0.843417	1.016651	2.445104	4.702794			
4287Oligo	All Reads	100.0	41941746.0	49780664.0	5.582444	0.36324	0.442648	0.899422	1.017116	1.826615	6.672022			
4336N	All Reads	100.0	46626501.0	62197194.0	11.888972	0.001048	0.276873	0.772222	1.139836	1.999212	3.575493			
4336Oligo	All Reads	100.0	46494343.0	46020918.0	4.244925	0.556424	0.495617	0.920955	1.02682	1.542086	4.765983			
4498N	All Reads	100.0	47326521.0	32619212.0	0.546095	2.939054	0.752115	1.02264	0.977995	0.964786	3.987359			
5000Oligo	All Reads	100.0	53749084.0	44552696.0	2.164012	1.483832	0.680692	1.027255	0.934794	1.388498	2.302987			
5144Oligo	All Reads	100.0	72879290.0	108958242.0	5.283823	1.218629	0.536036	0.94429	0.944694	2.144063	2.96181			
5173	All Reads	100.0	82338423.0	146904590.0	1.968414	4.406474	0.687404	1.11772	0.897463	0.853976	1.362192			
5235N	All Reads	100.0	40329745.0	64966558.0	4.124527	2.365015	0.667051	1.075301	0.881816	1.412223	2.884515			
5235Oligo	All Reads	100.0	40879874.0	60522426.0	1.733607	1.536495	0.480859	0.98387	0.997362	1.248499	2.088576			
5376	All Reads	100.0	81452641.0	135008762.0	4.174324	0.892078	0.58243	0.992683	0.939646	1.68741	3.305613			
5387N	All Reads	100.0	49133050.0	82793802.0	5.417279	0.14109	0.346133	0.915181	1.006359	1.857191	3.19499			
5387Oligo	All Reads	100.0	110236986.0	145518508.0	3.964686	1.229607	0.343142	0.942955	1.001894	1.63428	2.440756			
5562N	All Reads	100.0	39511431.0	62702828.0	13.797406	0.000624	0.328023	0.738525	1.11098	2.513971	8.768348			
5562Oligo	All Reads	100.0	36154173.0	21178764.0	10.077048	14.209653	1.393482	1.499287	0.567577	0.139035	0.116085			
5813N	All Reads	100.0	40020388.0	41522440.0	15.920712	0.000561	0.183777	0.691842	1.190089	2.274017	6.660774			
5813Oligo	All Reads	100.0	60096104.0	100837974.0	3.426984	0.43497	0.519521	0.948085	0.98996	1.6608	3.018333			
6078Oligo	All Reads	100.0	130270423.0	182720554.0	2.146341	5.312669	0.692527	1.143436	0.882965	0.746373	0.769825			
6221N	All Reads	100.0	45664559.0	50972344.0	8.628978	0.059743	0.362087	0.870076	0.993447	2.335727	8.4179			
6221Oligo	All Reads	100.0	24546366.0	8204180.0	3.441471	3.58446	0.550792	1.103299	0.883521	1.101359	4.237371			
6337N	All Reads	100.0	60152832.0	100032846.0	2.955446	0.993726	0.433638	0.956216	1.006861	1.407522	3.87795			
6401Oligo	All Reads	100.0	68056997.0	58323388.0	9.968296	0.080491	0.504845	0.868988	0.997904	2.317121	6.611916			
6469Oligo	All Reads	100.0	855.0	444.0	28.402146	10.345873	0.617303	0.75106	0.911005	4.488776	0.0			
6677N	All Reads	100.0	63942343.0	111167590.0	3.207756	1.102411	0.446638	0.977374	0.948049	1.784929	3.12781			
6677Oligo	All Reads	100.0	47889830.0	42186814.0	2.281314	3.398779	0.391877	1.062653	0.934757	1.073133	2.318867			
6916N	All Reads	100.0	51667804.0	85613486.0	2.882064	1.633656	0.606144	1.015842	0.919479	1.643896	3.45439			
6916Oligo	All Reads	100.0	49566514.0	16861540.0	1.756084	1.855275	0.462411	1.009028	0.961637	1.335565	2.680784			
6951N	All Reads	100.0	37065230.0	34552534.0	7.218941	0.005388	0.259896	0.862241	1.081245	1.624834	5.495632			
6951Oligo	All Reads	100.0	62961018.0	65085550.0	2.799406	1.685884	0.378959	0.97773	0.994336	1.361927	1.821251			
7090N	All Reads	100.0	57838876.0	98883096.0	5.855111	0.000974	0.412563	0.890761	1.033705	1.796926	4.632923			
7090Oligo	All Reads	100.0	62130694.0	90836088.0	2.103195	1.420197	0.589772	0.998623	0.949087	1.550981	2.402406			
7680N	All Reads	100.0	36411856.0	41343952.0	14.164239	0.000862	0.171318	0.720131	1.172342	2.190192	5.311858			
8135N	All Reads	100.0	40716180.0	25787150.0	27.342817	0.000612	0.197301	0.48867	1.40719	2.234542	4.911433			
8135Oligo	All Reads	100.0	46941065.0	32578748.0	5.345786	0.137971	0.562338	0.909678	1.063913	1.326658	2.493604			
8589N	All Reads	100.0	52419208.0	90124918.0	5.389013	0.357726	0.328562	0.899126	1.028937	1.812052	2.633026			
AATCCAGC	All Reads	100.0	33206577.0	30487392.0	7.338814	0.025841	0.476777	0.860073	1.069672	1.762573	3.746065			
AOA02	All Reads	100.0	48490657.0	79890716.0	2.637467	5.913665	0.645131	1.162082	0.86089	0.776409	1.025494			
AOA03	All Reads	100.0	31355989.0	44017688.0	3.132857	2.107894	0.86268	1.072534	0.893203	1.274867	4.02844			
AOB02	All Reads	100.0	44191016.0	62931490.0	1.382474	5.317581	0.683169	1.113719	0.902969	0.808339	2.989081			
AOB03	All Reads	100.0	29983999.0	47814080.0	8.376736	0.645164	0.58978	0.932543	0.920306	2.431536	6.144792			
AOC01	All Reads	100.0	42604680.0	70202574.0	4.30866	0.85711	0.57416	0.986423	0.94121	1.733316	3.48698			
AOC02	All Reads	100.0	51215480.0	76809752.0	4.726078	4.772683	0.819004	1.17577	0.807113	1.089564	3.542919			
AOD01	All Reads	100.0	44421991.0	76532610.0	3.558908	4.555185	0.74899	1.155356	0.835527	1.054905	2.208839			
AOD02	All Reads	100.0	41778288.0	70062154.0	2.868822	4.974901	0.62308	1.143445	0.856902	0.99001	1.955476			
AOE01	All Reads	100.0	52417235.0	92616382.0	1.924751	4.224149	0.677349	1.111783	0.901317	0.875802	1.469032			
AOE02	All Reads	100.0	43281512.0	57668454.0	6.583247	0.091722	0.50771	0.906992	1.007033	1.818371	7.692511			
AOF01	All Reads	100.0	47920250.0	60120420.0	3.938722	6.727479	0.742653	1.212319	0.805249	0.785039	1.698689			
AOF02	All Reads	100.0	52226573.0	75746058.0	2.357517	0.784422	0.553341	0.977239	1.01015	1.159052	3.066518			
AOG01	All Reads	100.0	45491319.0	72297248.0	3.121835	5.878024	0.720163	1.175676	0.841149	0.798484	2.147305			
AOG02	All Reads	100.0	47354741.0	59199718.0	6.038498	0.128992	0.413765	0.889831	1.041088	1.688976	6.842788			
AOH01	All Reads	100.0	73538327.0	111548938.0	2.475627	4.384984	0.688411	1.120142	0.879756	0.982071	2.436126			
AOH02	All Reads	100.0	41215466.0	69535926.0	5.610941	1.468054	0.654924	0.990051	0.896195	2.111253	4.294977			
