Sample	CATEGORY	TOTAL_READS	PF_READS	PCT_PF_READS	PF_NOISE_READS	PF_READS_ALIGNED	PCT_PF_READS_ALIGNED	PF_ALIGNED_BASES	PF_HQ_ALIGNED_READS	PF_HQ_ALIGNED_BASES	PF_HQ_ALIGNED_Q20_BASES	PF_HQ_MEDIAN_MISMATCHES	PF_MISMATCH_RATE	PF_HQ_ERROR_RATE	PF_INDEL_RATE	MEAN_READ_LENGTH	READS_ALIGNED_IN_PAIRS	PCT_READS_ALIGNED_IN_PAIRS	BAD_CYCLES	STRAND_BALANCE	PCT_CHIMERAS	PCT_ADAPTER	SAMPLE	LIBRARY	READ_GROUP
1028N	PAIR	88653452.0	88653452.0	1.0	0.0	53328066.0	0.601534	7788379795.0	48214594.0	7058697715.0	6933730764.0	1.0	0.0073	0.007251	0.000842	151.0	53328066.0	1.0	0.0	0.5	0.004534	0.001435			
1028Oligo	PAIR	100613084.0	100613084.0	1.0	0.0	41181368.0	0.409304	6027130936.0	38560846.0	5655002905.0	5555097501.0	1.0	0.007414	0.007306	0.000895	151.0	41181368.0	1.0	0.0	0.5	0.002852	0.001385			
1297N	PAIR	97954334.0	97954334.0	1.0	0.0	71154770.0	0.726408	10424154643.0	64544130.0	9479260846.0	9290647907.0	1.0	0.007844	0.007747	0.000706	151.0	71154770.0	1.0	0.0	0.5	0.003835	0.000257			
1297Oligo	PAIR	75584002.0	75584002.0	1.0	0.0	49027250.0	0.648646	7141331931.0	46417972.0	6771892781.0	6657139793.0	0.0	0.006107	0.00592	0.000365	151.0	49027250.0	1.0	0.0	0.5	0.00397	0.000524			
1674N	PAIR	98279718.0	98279718.0	1.0	0.0	61151862.0	0.622223	8609565629.0	54484086.0	7712973067.0	7608624005.0	0.0	0.006154	0.006045	0.000626	151.0	61151862.0	1.0	0.0	0.5	0.00618	0.00047			
1674Oligo	PAIR	78371152.0	78371152.0	1.0	0.0	35265618.0	0.449982	5141966113.0	33154784.0	4843953189.0	4759631099.0	1.0	0.006909	0.006718	0.0006	151.0	35265618.0	1.0	0.0	0.5	0.003589	0.001796			
177oldsamplerepeat	PAIR	164763048.0	164763048.0	1.0	0.0	125505360.0	0.761732	18392761027.0	117142448.0	17209901440.0	16894311233.0	0.0	0.006322	0.006276	0.000572	151.0	125505360.0	1.0	0.0	0.5	0.003326	0.000192			
1841N	PAIR	90481096.0	90481096.0	1.0	0.0	66625742.0	0.73635	9855396667.0	59536264.0	8819068289.0	8646017436.0	0.0	0.006497	0.006421	0.00056	151.0	66625742.0	1.0	0.0	0.5	0.00439	0.000704			
1841Oligo	PAIR	111494600.0	111494600.0	1.0	0.0	54765968.0	0.491198	7960352544.0	50638324.0	7380344802.0	7251108807.0	1.0	0.007323	0.007124	0.000569	151.0	54765968.0	1.0	0.0	0.5	0.003661	0.001113			
1859N	PAIR	91735220.0	91735220.0	1.0	0.0	72982036.0	0.795573	10743125395.0	64787452.0	9556746204.0	9376010388.0	0.0	0.006713	0.006655	0.00065	151.0	72982036.0	1.0	0.0	0.5	0.004719	0.000406			
2011	PAIR	151851950.0	151851950.0	1.0	0.0	107148486.0	0.705612	15681997298.0	95760244.0	14042335455.0	13787875440.0	0.0	0.006114	0.006047	0.000495	151.0	107148486.0	1.0	0.0	0.5	0.002663	0.000116			
2011oldSampleRepeat	PAIR	190078624.0	190078624.0	1.0	0.0	123331212.0	0.648843	17890968411.0	109438262.0	15908442868.0	15613970897.0	0.0	0.0066	0.006577	0.00058	151.0	123331212.0	1.0	0.0	0.5	0.003323	0.000273			
2012	PAIR	157284072.0	157284072.0	1.0	0.0	104190086.0	0.662433	15176469036.0	96034296.0	14013132532.0	13770011507.0	1.0	0.007058	0.006943	0.000748	151.0	104190086.0	1.0	0.0	0.5	0.003607	0.000657			
2013	PAIR	253496506.0	253496506.0	1.0	0.0	189287520.0	0.746707	27856920459.0	175696424.0	25896934695.0	25427141153.0	1.0	0.007274	0.007212	0.000773	151.0	189287520.0	1.0	0.0	0.5	0.003183	0.000244			
2014	PAIR	107699700.0	107699700.0	1.0	0.0	69962552.0	0.649608	10272891839.0	66254774.0	9744218058.0	9557491651.0	0.0	0.006609	0.006515	0.000593	151.0	69962552.0	1.0	0.0	0.5	0.003034	0.000321			
4287N	PAIR	99696386.0	99696386.0	1.0	0.0	83594152.0	0.838487	12365380679.0	75851708.0	11236480162.0	11017385074.0	1.0	0.007042	0.007013	0.000761	151.0	83594152.0	1.0	0.0	0.5	0.004119	8.8e-05			
4287Oligo	PAIR	83883492.0	83883492.0	1.0	0.0	49780664.0	0.59345	7282453301.0	46089412.0	6759256531.0	6636538712.0	1.0	0.007773	0.007612	0.000847	151.0	49780664.0	1.0	0.0	0.5	0.003721	0.000523			
4336N	PAIR	93253002.0	93253002.0	1.0	0.0	62197194.0	0.666973	9179124852.0	55698726.0	8232937178.0	8066561738.0	1.0	0.007397	0.007314	0.000768	151.0	62197194.0	1.0	0.0	0.5	0.003628	0.000445			
4336Oligo	PAIR	92988686.0	92988686.0	1.0	0.0	46020918.0	0.494909	6739914598.0	43002720.0	6309542111.0	6198399469.0	1.0	0.007666	0.007503	0.000858	151.0	46020918.0	1.0	0.0	0.5	0.00387	0.001051			
4498N	PAIR	94653042.0	94653042.0	1.0	0.0	32619212.0	0.344619	4763733171.0	29956636.0	4386622513.0	4302825612.0	0.0	0.006541	0.006346	0.000454	151.0	32619212.0	1.0	0.0	0.5	0.002462	0.000959			
5000Oligo	PAIR	107498168.0	107498168.0	1.0	0.0	44552696.0	0.414451	6547068569.0	41735968.0	6145271882.0	6016374140.0	0.0	0.00642	0.00632	0.000482	151.0	44552696.0	1.0	0.0	0.5	0.003113	0.000181			
5144Oligo	PAIR	145758580.0	145758580.0	1.0	0.0	108958242.0	0.747525	16035080339.0	101518316.0	14964673493.0	14687726786.0	0.0	0.006239	0.006202	0.000622	151.0	108958242.0	1.0	0.0	0.5	0.002962	0.000108			
5173	PAIR	164676846.0	164676846.0	1.0	0.0	146904590.0	0.892078	21774138630.0	142351598.0	21107202032.0	20723713765.0	0.0	0.0057	0.005616	0.000323	151.0	146904590.0	1.0	0.0	0.5	0.002155	3.4e-05			
5235N	PAIR	80659490.0	80659490.0	1.0	0.0	64966558.0	0.805442	9471349725.0	59974914.0	8770831005.0	8636863775.0	1.0	0.006719	0.006665	0.000797	151.0	64966558.0	1.0	0.0	0.5	0.00336	0.000206			
5235Oligo	PAIR	81759748.0	81759748.0	1.0	0.0	60522426.0	0.740247	8947183214.0	57827726.0	8556044478.0	8381319754.0	1.0	0.007086	0.006983	0.000693	151.0	60522426.0	1.0	0.0	0.5	0.002967	0.000962			
5376	PAIR	162905282.0	162905282.0	1.0	0.0	135008762.0	0.828756	19723555744.0	125011114.0	18312468546.0	17976181681.0	0.0	0.006595	0.006564	0.000684	151.0	135008762.0	1.0	0.0	0.5	0.003375	5.4e-05			
5387N	PAIR	98266100.0	98266100.0	1.0	0.0	82793802.0	0.842547	12131078793.0	76416686.0	11223529967.0	11021234460.0	1.0	0.006828	0.006809	0.000777	151.0	82793802.0	1.0	0.0	0.5	0.00335	0.000107			
5387Oligo	PAIR	220473972.0	220473972.0	1.0	0.0	145518508.0	0.660026	21403156208.0	135833178.0	20005860100.0	19663067593.0	0.0	0.006467	0.006351	0.0006	151.0	145518508.0	1.0	0.0	0.5	0.003569	0.000856			
5562N	PAIR	79022862.0	79022862.0	1.0	0.0	62702828.0	0.793477	9211712189.0	57904326.0	8518398191.0	8362678134.0	1.0	0.007015	0.006957	0.000733	151.0	62702828.0	1.0	0.0	0.5	0.005389	6.7e-05			
5562Oligo	PAIR	72308346.0	72308346.0	1.0	0.0	21178764.0	0.292895	2979328805.0	20296202.0	2862294947.0	2820216193.0	0.0	0.00622	0.006024	0.000644	151.0	21178764.0	1.0	0.0	0.5	0.007158	0.019283			
5813N	PAIR	80040776.0	80040776.0	1.0	0.0	41522440.0	0.518766	5886072817.0	36075710.0	5134191777.0	5045397241.0	0.0	0.006146	0.006162	0.000515	151.0	41522440.0	1.0	0.0	0.5	0.003795	0.000417			
5813Oligo	PAIR	120192208.0	120192208.0	1.0	0.0	100837974.0	0.838973	14896077041.0	93450466.0	13820054894.0	13557057642.0	0.0	0.006474	0.006421	0.000488	151.0	100837974.0	1.0	0.0	0.5	0.003484	0.000216			
6078N	PAIR	103232584.0	103232584.0	1.0	0.0	61611438.0	0.596822	8918464638.0	51623638.0	7512801958.0	7384977357.0	0.0	0.006473	0.006444	0.000584	151.0	61611438.0	1.0	0.0	0.5	0.003683	0.000774			
6078Oligo	PAIR	260540846.0	260540846.0	1.0	0.0	182720554.0	0.701313	27071498980.0	174656354.0	25900544440.0	25387736441.0	0.0	0.006368	0.006199	0.000396	151.0	182720554.0	1.0	0.0	0.5	0.002872	0.000482			
6221N	PAIR	91329118.0	91329118.0	1.0	0.0	50972344.0	0.558117	7443660521.0	45845192.0	6714389132.0	6600148083.0	0.0	0.006269	0.006178	0.000463	151.0	50972344.0	1.0	0.0	0.5	0.004711	0.001191			
6221Oligo	PAIR	49092732.0	49092732.0	1.0	0.0	8204180.0	0.167116	1165708649.0	7631024.0	1088040534.0	1069456689.0	0.0	0.006714	0.006476	0.000393	151.0	8204180.0	1.0	0.0	0.5	0.005631	0.005843			
6337N	PAIR	120305664.0	120305664.0	1.0	0.0	100032846.0	0.831489	14812021634.0	93066378.0	13788574005.0	13490826031.0	0.0	0.006437	0.006393	0.000469	151.0	100032846.0	1.0	0.0	0.5	0.002434	0.000173			
6401Oligo	PAIR	136113994.0	136113994.0	1.0	0.0	58323388.0	0.428489	8224635238.0	50907000.0	7222708579.0	7108066781.0	0.0	0.006307	0.006296	0.000572	151.0	58323388.0	1.0	0.0	0.5	0.003979	0.000674			
6469Oligo	PAIR	1710.0	1710.0	1.0	0.0	444.0	0.259649	64673.0	426.0	62017.0	59619.0	1.0	0.008677	0.00871	0.000294	151.0	444.0	1.0	0.0	0.5	0.0	0.005263			
6677N	PAIR	127884686.0	127884686.0	1.0	0.0	111167590.0	0.86928	16438129606.0	105341292.0	15591232157.0	15289883720.0	1.0	0.006653	0.006586	0.000668	151.0	111167590.0	1.0	0.0	0.5	0.003152	8.4e-05			
6677Oligo	PAIR	95779660.0	95779660.0	1.0	0.0	42186814.0	0.440457	6109926399.0	40020484.0	5805183350.0	5698569845.0	0.0	0.006553	0.006355	0.000597	151.0	42186814.0	1.0	0.0	0.5	0.004749	0.000673			
6916N	PAIR	103335608.0	103335608.0	1.0	0.0	85613486.0	0.828499	12622302872.0	80196894.0	11840185756.0	11622462504.0	1.0	0.007053	0.007007	0.000769	151.0	85613486.0	1.0	0.0	0.5	0.003046	0.000128			
6916Oligo	PAIR	99133028.0	99133028.0	1.0	0.0	16861540.0	0.17009	2495438284.0	15965606.0	2364634187.0	2319978125.0	1.0	0.007336	0.007262	0.000765	151.0	16861540.0	1.0	0.0	0.5	0.002796	0.000763			
6951N	PAIR	74130460.0	74130460.0	1.0	0.0	34552534.0	0.466104	4928440047.0	31417882.0	4491053163.0	4408971061.0	0.0	0.00662	0.006527	0.000518	151.0	34552534.0	1.0	0.0	0.5	0.005249	0.00057			
6951Oligo	PAIR	125922036.0	125922036.0	1.0	0.0	65085550.0	0.516872	9579428139.0	61116558.0	9005380924.0	8834619978.0	0.0	0.006637	0.006485	0.000497	151.0	65085550.0	1.0	0.0	0.5	0.003588	0.000949			
7090N	PAIR	115677752.0	115677752.0	1.0	0.0	98883096.0	0.854815	14579322959.0	91958330.0	13571921712.0	13295894863.0	1.0	0.00754	0.00747	0.000845	151.0	98883096.0	1.0	0.0	0.5	0.002921	0.000119			
7090Oligo	PAIR	124261388.0	124261388.0	1.0	0.0	90836088.0	0.731008	13390393308.0	86191650.0	12717971248.0	12479087632.0	1.0	0.006937	0.006852	0.00069	151.0	90836088.0	1.0	0.0	0.5	0.002695	0.000396			
7680N	PAIR	72823712.0	72823712.0	1.0	0.0	41343952.0	0.567727	5898165519.0	37236712.0	5323499044.0	5232186607.0	0.0	0.006417	0.00638	0.000588	151.0	41343952.0	1.0	0.0	0.5	0.003963	0.000406			
8135N	PAIR	81432360.0	81432360.0	1.0	0.0	25787150.0	0.31667	3611983025.0	18103156.0	2537014966.0	2485924454.0	0.0	0.006747	0.007102	0.000474	151.0	25787150.0	1.0	0.0	0.5	0.003054	0.00103			
8135Oligo	PAIR	93882130.0	93882130.0	1.0	0.0	32578748.0	0.347018	4695936197.0	28265354.0	4085162743.0	4009089326.0	0.0	0.007045	0.006862	0.000502	151.0	32578748.0	1.0	0.0	0.5	0.003857	0.001692			
8589N	PAIR	104838416.0	104838416.0	1.0	0.0	90124918.0	0.859655	13371703655.0	85034764.0	12624776846.0	12363920829.0	0.0	0.006421	0.006377	0.000554	151.0	90124918.0	1.0	0.0	0.5	0.003715	0.000362			
AATCCAGC	PAIR	66413154.0	66413154.0	1.0	0.0	30487392.0	0.459057	4371269776.0	28059648.0	4033784198.0	3968074734.0	0.0	0.005756	0.005682	0.000516	151.0	30487392.0	1.0	0.0	0.5	0.003486	0.000231			
AOA02	PAIR	96981314.0	96981314.0	1.0	0.0	79890716.0	0.823774	11778661833.0	77364996.0	11411003815.0	11097481718.0	0.0	0.006227	0.006168	0.000315	150.491256	79890716.0	1.0	0.0	0.5	0.002786	0.000134			
AOA03	PAIR	62711978.0	62711978.0	1.0	0.0	44017688.0	0.701902	6459318157.0	40551822.0	5963430014.0	5791523934.0	0.0	0.007055	0.006925	0.000415	150.487728	44017688.0	1.0	0.0	0.5	0.002994	0.000296			
AOB02	PAIR	88382032.0	88382032.0	1.0	0.0	62931490.0	0.712039	9231119672.0	60582410.0	8895379511.0	8646653956.0	0.0	0.006569	0.006484	0.000322	150.486156	62931490.0	1.0	0.0	0.5	0.003231	0.000228			
AOB03	PAIR	59967998.0	59967998.0	1.0	0.0	47814080.0	0.797327	6978200294.0	42358102.0	6199564735.0	6045309509.0	0.0	0.00657	0.006513	0.000524	150.489776	47814080.0	1.0	0.0	0.5	0.003886	4.3e-05			
AOC01	PAIR	85209360.0	85209360.0	1.0	0.0	70202574.0	0.823883	10218775274.0	64976580.0	9483353522.0	9233528390.0	0.0	0.007115	0.007064	0.000673	150.492318	70202574.0	1.0	0.0	0.5	0.003397	5.8e-05			
AOC02	PAIR	102430960.0	102430960.0	1.0	0.0	76809752.0	0.749869	11213835225.0	71637564.0	10484682638.0	10212632397.0	0.0	0.006825	0.006755	0.000562	150.488208	76809752.0	1.0	0.0	0.5	0.003241	0.000222			
AOD01	PAIR	88843982.0	88843982.0	1.0	0.0	76532610.0	0.861427	11269750622.0	73298704.0	10802269132.0	10515577798.0	0.0	0.006297	0.006229	0.000302	150.490853	76532610.0	1.0	0.0	0.5	0.002937	5.4e-05			
AOD02	PAIR	83556576.0	83556576.0	1.0	0.0	70062154.0	0.8385	10280272237.0	66317600.0	9746129125.0	9491121090.0	0.0	0.006707	0.00665	0.000569	150.493705	70062154.0	1.0	0.0	0.5	0.003257	8.2e-05			
AOE01	PAIR	104834470.0	104834470.0	1.0	0.0	92616382.0	0.883454	13671824605.0	89730940.0	13251112873.0	12909192548.0	0.0	0.006175	0.006082	0.000315	150.494061	92616382.0	1.0	0.0	0.5	0.002183	4.2e-05			
AOE02	PAIR	86563024.0	86563024.0	1.0	0.0	57668454.0	0.666202	8226507611.0	51190980.0	7342697159.0	7178126885.0	0.0	0.006647	0.006591	0.000545	150.491651	57668454.0	1.0	0.0	0.5	0.003953	0.000165			
AOF01	PAIR	95840500.0	95840500.0	1.0	0.0	60120420.0	0.627297	8760576523.0	57719380.0	8417224631.0	8211989713.0	0.0	0.006194	0.00608	0.000329	150.491918	60120420.0	1.0	0.0	0.5	0.002732	0.000243			
AOF02	PAIR	104453146.0	104453146.0	1.0	0.0	75746058.0	0.725168	11001355357.0	68963358.0	10041446249.0	9791850654.0	0.0	0.006953	0.00691	0.000556	150.489365	75746058.0	1.0	0.0	0.5	0.003877	0.000113			
AOG01	PAIR	90982638.0	90982638.0	1.0	0.0	72297248.0	0.794627	10580061068.0	69568530.0	10187839999.0	9931915286.0	0.0	0.006393	0.006288	0.000356	150.493852	72297248.0	1.0	0.0	0.5	0.002728	9.8e-05			
AOG02	PAIR	94709482.0	94709482.0	1.0	0.0	59199718.0	0.625066	8559900606.0	52390558.0	7591310319.0	7396013177.0	0.0	0.007071	0.00699	0.00057	150.481807	59199718.0	1.0	0.0	0.5	0.003117	0.000318			
AOH01	PAIR	147076654.0	147076654.0	1.0	0.0	111548938.0	0.758441	16405189674.0	106363358.0	15655797818.0	15203207371.0	0.0	0.006617	0.006486	0.000287	150.495385	111548938.0	1.0	0.0	0.5	0.003123	7.5e-05			
AOH02	PAIR	82430932.0	82430932.0	1.0	0.0	69535926.0	0.843566	10219860718.0	64518304.0	9494851555.0	9213503455.0	0.0	0.006873	0.006794	0.00053	150.488767	69535926.0	1.0	0.0	0.5	0.003565	6.1e-05			
