Sample	Picard_mqc-generalstats-picard-PCT_RIBOSOMAL_BASES	Picard_mqc-generalstats-picard-PCT_MRNA_BASES	Picard_mqc-generalstats-picard-PCT_PF_READS_ALIGNED	Picard_mqc-generalstats-picard-PERCENT_DUPLICATION
1028N	0.0021	33.6038	0.601534	0.942146
1028Oligo	0.0013	26.1667	0.409304	0.97665
1297N	0.0015	23.3076	0.726408	0.944859
1297Oligo	0.0007	11.0112	0.648646	0.934029
1674N	0.0044	20.6057	0.622223	0.944722
1674Oligo	0.0009	18.232300000000002	0.449982	0.964815
177oldsamplerepeat	0.0028	28.570600000000002	0.761732	0.955833
1841N	0.0015999999999999999	39.1253	0.73635	0.952017
1841Oligo	0.0024000000000000002	16.6874	0.491198	0.986334
1859N	0.0031999999999999997	37.8686	0.795573	0.93613
2011	0.0022	21.7033	0.705612	0.964822
2011oldSampleRepeat	0.0036999999999999997	20.9404	0.648843	0.958559
2012	0.0023	26.8791	0.662433	0.923221
2013	0.0012000000000000001	29.652800000000003	0.746707	0.950088
2014	0.0045000000000000005	24.0501	0.649608	0.971722
4287N	0.0014	41.5848	0.838487	0.943095
4287Oligo	0.0023	26.5481	0.59345	0.973078
4336N	0.0021	29.651300000000003	0.666973	0.936649
4336Oligo	0.0012000000000000001	22.9594	0.494909	0.97596
4498N	0.0015999999999999999	9.2436	0.344619	0.972355
5000Oligo	0.0021	21.9889	0.414451	0.947234
5144Oligo	0.0015	36.054700000000004	0.747525	0.965993
5173	9.999999999999999e-05	20.5142	0.892078	0.937907
5235N	0.0024000000000000002	32.8037	0.805442	0.945479
5235Oligo	0.0005	23.2638	0.740247	0.977111
5376	0.0036999999999999997	29.825000000000003	0.828756	0.927614
5387N	0.0022	31.8822	0.842547	0.849067
5387Oligo	0.0007	27.3817	0.660026	0.978198
5562N	0.0022	37.6176	0.793477	0.991995
5562Oligo	0.0006000000000000001	14.2641	0.292895	0.974875
5813N	0.0073	27.571800000000003	0.518766	0.670735
5813Oligo	0.0007	30.0859	0.838973	0.947755
6078Oligo	0.00030000000000000003	12.0059	0.701313	0.980743
6221N	0.0034999999999999996	26.7716	0.558117	0.966199
6221Oligo	0.0019000000000000002	11.6722	0.167116	0.929286
6337N	0.00030000000000000003	19.213	0.831489	0.937123
6401Oligo	0.0067	32.8765	0.428489	0.940033
6469Oligo	0.0	14.8795	0.259649	0.427928
6677N	0.0007	33.6813	0.86928	0.913887
6677Oligo	0.00039999999999999996	18.3989	0.440457	0.950959
6916N	0.0009	31.930500000000002	0.828499	0.954009
6916Oligo	9.999999999999999e-05	25.5063	0.17009	0.878842
6951N	0.0021	20.374	0.466104	0.799692
6951Oligo	0.0006000000000000001	21.475	0.516872	0.956657
7090N	0.0015	24.8102	0.854815	0.914757
7090Oligo	0.0007999999999999999	23.5288	0.731008	0.977547
7680N	0.0025	23.0448	0.567727	0.773884
8135N	0.0123	10.4383	0.31667	0.884683
8135Oligo	0.0031000000000000003	12.2754	0.347018	0.961314
8589N	0.0006000000000000001	33.3706	0.859655	
AATCCAGC	0.0031999999999999997	29.064600000000002	0.459057	0.957929
AOA02	9.999999999999999e-05	26.7837	0.823774	0.963694
AOA03	0.0025	19.4572	0.701902	0.880262
AOB02	0.00039999999999999996	21.8766	0.712039	0.974131
AOB03	0.003	37.1074	0.797327	0.905149
AOC01	0.0036	29.9642	0.823883	0.882739
AOC02	0.0026	28.6006	0.749869	0.934723
AOD01	0.0006000000000000001	28.3814	0.861427	0.916281
AOD02	0.0031000000000000003	30.8799	0.8385	0.904643
AOE01	9.999999999999999e-05	20.5836	0.883454	0.912352
AOE02	0.0046	27.1878	0.666202	0.918728
AOF01	9.999999999999999e-05	20.2564	0.627297	0.902758
AOF02	0.006200000000000001	24.9757	0.725168	0.951035
AOG01	0.00019999999999999998	20.0135	0.794627	0.940744
AOG02	0.0039	20.988599999999998	0.625066	0.92916
AOH01	0.00019999999999999998	16.9092	0.758441	0.920341
AOH02	0.0011	37.2669	0.843566	0.916543
