Sample	LIBRARY	UNPAIRED_READS_EXAMINED	READ_PAIRS_EXAMINED	SECONDARY_OR_SUPPLEMENTARY_RDS	UNMAPPED_READS	UNPAIRED_READ_DUPLICATES	READ_PAIR_DUPLICATES	READ_PAIR_OPTICAL_DUPLICATES	PERCENT_DUPLICATION	ESTIMATED_LIBRARY_SIZE
1028N	Unknown Library	0.0	26664033.0	0.0	35325386.0	0.0	25121406.0	540027.0	0.942146	1542627.0
1028Oligo	Unknown Library	0.0	20590684.0	0.0	59431716.0	0.0	20109899.0	444532.0	0.97665	480785.0
1297N	Unknown Library	0.0	35577385.0	0.0	26799564.0	0.0	33615601.0	785697.0	0.944859	1961784.0
1297Oligo	Unknown Library	0.0	24513625.0	0.0	26556752.0	0.0	22896425.0	484489.0	0.934029	1617200.0
1674N	Unknown Library	0.0	30575931.0	0.0	37127856.0	0.0	28885754.0	467841.0	0.944722	1690177.0
1674Oligo	Unknown Library	0.0	17632809.0	0.0	43105534.0	0.0	17012404.0	338070.0	0.964815	620405.0
177oldsamplerepeat	Unknown Library	0.0	62752680.0	0.0	39257688.0	0.0	59981072.0	1446059.0	0.955833	2771608.0
1841N	Unknown Library	0.0	33312871.0	0.0	23855354.0	0.0	31714418.0	803683.0	0.952017	1598453.0
1841Oligo	Unknown Library	0.0	27382984.0	0.0	56728632.0	0.0	27008759.0	540816.0	0.986334	374225.0
1859N	Unknown Library	0.0	36491018.0	0.0	18753184.0	0.0	34160345.0	845181.0	0.93613	2330673.0
2011	Unknown Library	0.0	53574243.0	0.0	44703464.0	0.0	51689635.0	1080173.0	0.964822	1884608.0
2011oldSampleRepeat	Unknown Library	0.0	61665606.0	0.0	66747412.0	0.0	59110140.0	1176704.0	0.958559	2555466.0
2012	Unknown Library	0.0	52095043.0	0.0	53093986.0	0.0	48095258.0	1097004.0	0.923221	3999796.0
2013	Unknown Library	0.0	94643760.0	0.0	64208986.0	0.0	89919858.0	2141951.0	0.950088	4723902.0
2014	Unknown Library	0.0	34981276.0	0.0	37737148.0	0.0	33992063.0	803229.0	0.971722	989213.0
4287N	Unknown Library	0.0	41797076.0	0.0	16102234.0	0.0	39418604.0	1023475.0	0.943095	2378472.0
4287Oligo	Unknown Library	0.0	24890332.0	0.0	34102828.0	0.0	24220238.0	527701.0	0.973078	670094.0
4336N	Unknown Library	0.0	31098597.0	0.0	31055808.0	0.0	29128482.0	764026.0	0.936649	1970115.0
4336Oligo	Unknown Library	0.0	23010459.0	0.0	46967768.0	0.0	22457297.0	436660.0	0.97596	553162.0
4498N	Unknown Library	0.0	16309606.0	0.0	62033830.0	0.0	15858720.0	362070.0	0.972355	450886.0
5000Oligo	Unknown Library	0.0	22276348.0	0.0	62945472.0	0.0	21100914.0	570803.0	0.947234	1175434.0
5144Oligo	Unknown Library	0.0	54479121.0	0.0	36800338.0	0.0	52626474.0	1218692.0	0.965993	1852647.0
5173	Unknown Library	0.0	73452295.0	0.0	17772256.0	0.0	68891417.0	1689103.0	0.937907	4560878.0
5235N	Unknown Library	0.0	32483279.0	0.0	15692932.0	0.0	30712266.0	657418.0	0.945479	1771013.0
5235Oligo	Unknown Library	0.0	30261213.0	0.0	21237322.0	0.0	29568578.0	721671.0	0.977111	692635.0
5376	Unknown Library	0.0	67504381.0	0.0	27896520.0	0.0	62618040.0	1529654.0	0.927614	4886347.0
5387N	Unknown Library	0.0	41396901.0	0.0	15472298.0	0.0	35148733.0	941721.0	0.849067	6257915.0
5387Oligo	Unknown Library	0.0	72759254.0	0.0	74955464.0	0.0	71172958.0	1833601.0	0.978198	1586296.0
5562N	Unknown Library	0.0	31351414.0	0.0	16320034.0	0.0	31100438.0	641516.0	0.991995	250976.0
5562Oligo	Unknown Library	0.0	10589382.0	0.0	51129582.0	0.0	10323329.0	177864.0	0.974875	266053.0
5813N	Unknown Library	0.0	20761220.0	0.0	38518336.0	0.0	13925273.0	370266.0	0.670735	7277687.0
5813Oligo	Unknown Library	0.0	50418987.0	0.0	19354234.0	0.0	47784823.0	1134644.0	0.947755	2634164.0
6078Oligo	Unknown Library	0.0	91360277.0	0.0	77820292.0	0.0	89600959.0	2333340.0	0.980743	1759318.0
6221N	Unknown Library	0.0	25486172.0	0.0	40356774.0	0.0	24624710.0	526805.0	0.966199	861462.0
6221Oligo	Unknown Library	0.0	4102090.0	0.0	40888552.0	0.0	3812013.0	78753.0	0.929286	290077.0
6337N	Unknown Library	0.0	50016423.0	0.0	20272818.0	0.0	46871542.0	1367277.0	0.937123	3144881.0
6401Oligo	Unknown Library	0.0	29161694.0	0.0	77790606.0	0.0	27412958.0	545000.0	0.940033	1748736.0
6469Oligo	Unknown Library	0.0	222.0	0.0	1266.0	0.0	95.0	3.0	0.427928	180.0
6677N	Unknown Library	0.0	55583795.0	0.0	16717096.0	0.0	50797317.0	1401454.0	0.913887	4786536.0
6677Oligo	Unknown Library	0.0	21093407.0	0.0	53592846.0	0.0	20058972.0	418196.0	0.950959	1034435.0
6916N	Unknown Library	0.0	42806743.0	0.0	17722122.0	0.0	40838024.0	985007.0	0.954009	1968719.0
6916Oligo	Unknown Library	0.0	8430770.0	0.0	82271488.0	0.0	7409314.0	184172.0	0.878842	1021775.0
6951N	Unknown Library	0.0	17276267.0	0.0	39577926.0	0.0	13815687.0	320024.0	0.799692	3487558.0
6951Oligo	Unknown Library	0.0	32542775.0	0.0	60836486.0	0.0	31132279.0	777770.0	0.956657	1410496.0
7090N	Unknown Library	0.0	49441548.0	0.0	16794656.0	0.0	45226995.0	1225357.0	0.914757	4214598.0
7090Oligo	Unknown Library	0.0	45418044.0	0.0	33425300.0	0.0	44398277.0	1020582.0	0.977547	1019767.0
7680N	Unknown Library	0.0	20671976.0	0.0	31479760.0	0.0	15997712.0	367921.0	0.773884	4739617.0
8135N	Unknown Library	0.0	12893575.0	0.0	55645210.0	0.0	11406727.0	189504.0	0.884683	1487137.0
8135Oligo	Unknown Library	0.0	16289374.0	0.0	61303382.0	0.0	15659203.0	305222.0	0.961314	630171.0
AATCCAGC	Unknown Library	0.0	15243696.0	0.0	35925762.0	0.0	14602374.0	273756.0	0.957929	641322.0
AOA02	Unknown Library	0.0	39945358.0	0.0	17090598.0	0.0	38495113.0	615648.0	0.963694	1450245.0
AOA03	Unknown Library	0.0	22008844.0	0.0	18694290.0	0.0	19373545.0	324777.0	0.880262	2636004.0
AOB02	Unknown Library	0.0	31465745.0	0.0	25450542.0	0.0	30651746.0	468201.0	0.974131	813999.0
AOB03	Unknown Library	0.0	23907040.0	0.0	12153918.0	0.0	21639429.0	329780.0	0.905149	2267680.0
AOC01	Unknown Library	0.0	35101287.0	0.0	15006786.0	0.0	30985273.0	496832.0	0.882739	4116934.0
AOC02	Unknown Library	0.0	38404876.0	0.0	25621208.0	0.0	35897926.0	550026.0	0.934723	2506950.0
AOD01	Unknown Library	0.0	38266305.0	0.0	12311372.0	0.0	35062673.0	562564.0	0.916281	3203656.0
AOD02	Unknown Library	0.0	35031077.0	0.0	13494422.0	0.0	31690611.0	524380.0	0.904643	3340575.0
AOE01	Unknown Library	0.0	46308191.0	0.0	12218088.0	0.0	42249375.0	664415.0	0.912352	4058869.0
AOE02	Unknown Library	0.0	28834227.0	0.0	28894570.0	0.0	26490813.0	336065.0	0.918728	2343426.0
AOF01	Unknown Library	0.0	30060210.0	0.0	35720080.0	0.0	27137106.0	371298.0	0.902758	2923217.0
AOF02	Unknown Library	0.0	37873029.0	0.0	28707088.0	0.0	36018565.0	478308.0	0.951035	1854464.0
AOG01	Unknown Library	0.0	36148624.0	0.0	18685390.0	0.0	34006612.0	473182.0	0.940744	2142012.0
AOG02	Unknown Library	0.0	29599859.0	0.0	35509764.0	0.0	27502991.0	350271.0	0.92916	2096869.0
AOH01	Unknown Library	0.0	55774469.0	0.0	35527716.0	0.0	51331530.0	838666.0	0.920341	4442957.0
AOH02	Unknown Library	0.0	34767963.0	0.0	12895006.0	0.0	31866321.0	549878.0	0.916543	2901663.0
