Sample	PF_BASES	PF_ALIGNED_BASES	RIBOSOMAL_BASES	CODING_BASES	UTR_BASES	INTRONIC_BASES	INTERGENIC_BASES	IGNORED_READS	CORRECT_STRAND_READS	INCORRECT_STRAND_READS	PCT_RIBOSOMAL_BASES	PCT_CODING_BASES	PCT_UTR_BASES	PCT_INTRONIC_BASES	PCT_INTERGENIC_BASES	PCT_MRNA_BASES	PCT_USABLE_BASES	PCT_CORRECT_STRAND_READS	MEDIAN_CV_COVERAGE	MEDIAN_5PRIME_BIAS	MEDIAN_3PRIME_BIAS	MEDIAN_5PRIME_TO_3PRIME_BIAS	SAMPLE	LIBRARY	READ_GROUP	PF_NOT_ALIGNED_BASES
1028N	13386671252.0	7788379795.0	167006.0	1088685587.0	1528503537.0	3760273064.0	1410790379.0	0.0	12322918.0	726404.0	0.0021	13.978299999999999	19.625400000000003	48.2806	18.114	33.6038	19.5507	94.4334	0.747782	0.348395	0.686593	0.45882				5598291457.0
1028Oligo	15192575684.0	6027130936.0	80030.0	621756091.0	955347121.0	3298582267.0	1151385693.0	0.0	7753986.0	375713.0	0.0013	10.316	15.850800000000001	54.7289	19.1034	26.1667	10.3807	95.3785	1.330643	0.001161	0.267126	0.379814				9165444748.0
1297N	14791104434.0	10424154643.0	156738.0	1049773936.0	1379846570.0	5643075733.0	2351338647.0	0.0	11495350.0	879932.0	0.0015	10.0706	13.236999999999998	54.1346	22.5566	23.3076	16.426199999999998	92.8896	0.842841	0.333608	0.592565	0.589025				4366949791.0
1297Oligo	11413184302.0	7141331931.0	50132.0	284465306.0	501881465.0	3599758828.0	2755187450.0	0.0	3436932.0	813616.0	0.0007	3.9834	7.027799999999999	50.4074	38.5809	11.0112	6.8898	80.8586	1.166341	0.088017	0.452087	0.503035				4271852371.0
1674N	14840237418.0	8609565629.0	381124.0	709560427.0	1064502020.0	5342227913.0	1492985442.0	0.0	9110215.0	545178.0	0.0044	8.2415	12.3642	62.0499	17.341	20.6057	11.9544	94.3536	0.929787	0.268092	0.590057	0.520089				6230671789.0
1674Oligo	11834043952.0	5141966113.0	47112.0	369657393.0	567838829.0	2692791115.0	1511641956.0	0.0	4520031.0	433110.0	0.0009	7.188999999999999	11.0432	52.3689	29.3981	18.232300000000002	7.922	91.2559	1.236461	0.009914	0.302691	0.583114				6692077839.0
177oldsamplerepeat	24879220248.0	18392761027.0	514004.0	1929675523.0	3325249322.0	10731406134.0	2406034799.0	0.0	27596982.0	932683.0	0.0028	10.4915	18.0791	58.345800000000004	13.081400000000002	28.570600000000002	21.121699999999997	96.73079999999999	0.671827	0.283873	0.820461	0.334708				6486459221.0
1841N	13662645496.0	9855396667.0	157040.0	1595638775.0	2260309910.0	3924039899.0	2075287757.0	0.0	16818994.0	1148014.0	0.0015999999999999999	16.1905	22.9347	39.8162	21.0574	39.1253	28.222599999999996	93.6104	0.693651	0.385657	0.703331	0.600123				3807248829.0
1841Oligo	16835684600.0	7960352544.0	190864.0	442659162.0	885718716.0	3738168575.0	2893662411.0	0.0	5285660.0	890395.0	0.0024000000000000002	5.5607999999999995	11.1266	46.9598	36.3509	16.6874	7.8903	85.5831	1.681052	0.0	0.0	?				8875332056.0
1859N	13852018220.0	10743125395.0	339448.0	1621390765.0	2446880045.0	4504546490.0	2170047527.0	0.0	18485587.0	1575723.0	0.0031999999999999997	15.0924	22.7762	41.9296	20.1994	37.8686	29.3695	92.1455	0.616801	0.387441	0.73876	0.54538				3108892825.0
2011	22929644450.0	15681997298.0	341562.0	1318962649.0	2084551189.0	8279941756.0	3998283276.0	0.0	15504158.0	1472669.0	0.0022	8.4107	13.292599999999998	52.79899999999999	25.496000000000002	21.7033	14.843300000000001	91.3254	0.925323	0.288571	0.597896	0.494596				7247647152.0
2011oldSampleRepeat	28701872224.0	17890968411.0	665306.0	1465536326.0	2280910404.0	11013771620.0	3130242426.0	0.0	19176432.0	1234428.0	0.0036999999999999997	8.1915	12.748899999999999	61.5605	17.4962	20.9404	13.053	93.9521	0.939099	0.223015	0.582574	0.486039				10810903813.0
2012	23749894872.0	15176469036.0	345790.0	1626183271.0	2453115770.0	7899634415.0	3197271692.0	0.0	20186742.0	1221479.0	0.0023	10.7152	16.1639	52.051899999999996	21.0673	26.8791	17.176099999999998	94.29429999999999	0.619943	0.380325	0.703531	0.522393				8573425836.0
2013	38277972406.0	27856920459.0	322234.0	3374538636.0	4885816878.0	14944030415.0	4652288037.0	0.0	40807777.0	2224096.0	0.0012000000000000001	12.1138	17.538999999999998	53.6457	16.700699999999998	29.652800000000003	21.5799	94.8315	0.666684	0.355402	0.710804	0.482777				10421051947.0
2014	16262654700.0	10272891839.0	461154.0	1010101859.0	1460536192.0	5656167307.0	2145733849.0	0.0	12632240.0	679340.0	0.0045000000000000005	9.832699999999999	14.2174	55.0592	20.8873	24.0501	15.1921	94.89659999999999	1.011048	0.129159	0.601244	0.447332				5989762861.0
4287N	15054154286.0	12365380679.0	172140.0	2008725458.0	3133398791.0	5407633682.0	1815491373.0	0.0	24068077.0	1221564.0	0.0014	16.2448	25.3401	43.732	14.682	41.5848	34.1575	95.1697	0.594795	0.3889	0.742002	0.568273				2688773607.0
4287Oligo	12666407292.0	7282453301.0	167006.0	774696488.0	1158656639.0	3661753992.0	1687219398.0	0.0	9109044.0	539617.0	0.0023	10.6379	15.9103	50.2819	23.1683	26.5481	15.2636	94.4073	1.133176	0.082452	0.388974	0.738372				5383953991.0
4336N	14081203302.0	9179124852.0	197206.0	1151238241.0	1570488128.0	4505800496.0	1951447144.0	0.0	13229409.0	707879.0	0.0021	12.5419	17.1093	49.0875	21.2596	29.651300000000003	19.328799999999998	94.921	0.674791	0.388413	0.762743	0.525364				4902078450.0
4336Oligo	14041291586.0	6739914598.0	79426.0	639122101.0	908318870.0	3519117174.0	1673296251.0	0.0	7519004.0	497158.0	0.0012000000000000001	9.4826	13.4767	52.213100000000004	24.8267	22.9594	11.0206	93.79809999999999	1.26088	0.003807	0.271681	0.772417				7301376988.0
4498N	14292609342.0	4763733171.0	78218.0	137804004.0	302535006.0	1973607055.0	2349729715.0	0.0	1681927.0	518512.0	0.0015999999999999999	2.8928	6.3508	41.4298	49.3254	9.2436	3.0808999999999997	76.436	1.843096	0.0	0.0	?				9528876171.0
5000Oligo	16232223368.0	6547068569.0	138920.0	558340491.0	881285511.0	3288013718.0	1819321989.0	0.0	6903467.0	674959.0	0.0021	8.5281	13.4608	50.221199999999996	27.7883	21.9889	8.8689	91.0937	0.915578	0.231344	0.721024	0.372125				9685154799.0
5144Oligo	22009545580.0	16035080339.0	240694.0	2093852865.0	3687544580.0	8190338660.0	2063160965.0	0.0	27065030.0	938272.0	0.0015	13.058	22.9967	51.077600000000004	12.8665	36.054700000000004	26.267699999999998	96.6494	0.712348	0.373474	0.744318	0.512206				5974465241.0
5173	24866203746.0	21774138630.0	17516.0	1805416615.0	2661363022.0	12809966654.0	4497376008.0	0.0	23925384.0	1372673.0	9.999999999999999e-05	8.2916	12.2226	58.831100000000006	20.654700000000002	20.5142	17.9633	94.574	0.658589	0.289127	0.843614	0.366059				3092065116.0
5235N	12179582990.0	9471349725.0	226802.0	1118667306.0	1988282598.0	5109673911.0	1254554260.0	0.0	15714111.0	528702.0	0.0024000000000000002	11.8111	20.9926	53.9487	13.2458	32.8037	25.509500000000003	96.745	0.722749	0.385474	0.767215	0.481249				2708233265.0
5235Oligo	12345721948.0	8947183214.0	48320.0	779811576.0	1301640835.0	4839921820.0	2025772088.0	0.0	10378945.0	587976.0	0.0005	8.7157	14.5481	54.0944	22.6415	23.2638	16.8597	94.6386	1.106715	0.044526	0.48901	0.359036				3398538734.0
5376	24598697582.0	19723555744.0	726008.0	2285436187.0	3597107635.0	11560693443.0	2279765663.0	0.0	29891225.0	1067447.0	0.0036999999999999997	11.5873	18.2376	58.6136	11.5586	29.825000000000003	23.913999999999998	96.552	0.536408	0.495187	0.788701	0.61722				4875141838.0
5387N	14838181100.0	12131078793.0	271800.0	1501603766.0	2366055367.0	6832942881.0	1430270631.0	0.0	19300322.0	789576.0	0.0022	12.3782	19.504099999999998	56.3259	11.7901	31.8822	26.0656	96.0698	0.529351	0.469796	0.753606	0.659102				2707102307.0
5387Oligo	33291569772.0	21403156208.0	154624.0	2372796283.0	3487756254.0	11613531773.0	3928953199.0	0.0	28263827.0	1784412.0	0.0007	11.0862	16.2955	54.260799999999996	18.3569	27.3817	17.6037	94.0615	0.848858	0.336455	0.64954	0.570586				11888413564.0
5562N	11932452162.0	9211712189.0	205662.0	1511113385.0	1954107068.0	4306989156.0	1439339913.0	0.0	17634296.0	853143.0	0.0022	16.4043	21.2133	46.7556	15.6251	37.6176	29.040300000000002	95.3853	1.589199	0.0	1.5e-05	5078.088889				2720739973.0
5562Oligo	10918560246.0	2979328805.0	19328.0	112228988.0	312745824.0	1743641883.0	810697623.0	0.0	2426822.0	165409.0	0.0006000000000000001	3.7669	10.4972	58.524699999999996	27.2107	14.2641	3.8922	93.619	1.994749	0.0	0.001974	533.647059				7939231441.0
5813N	12086157176.0	5886072817.0	431256.0	613153484.0	1009744981.0	3157062788.0	1105781849.0	0.0	7881878.0	558490.0	0.0073	10.417	17.1548	53.6361	18.7864	27.571800000000003	13.427700000000002	93.3831	0.610236	0.406678	0.719387	0.555354				6200084359.0
5813Oligo	18149023408.0	14896077041.0	106606.0	1848322351.0	2633295243.0	7990027236.0	2424349778.0	0.0	21975221.0	1324104.0	0.0007	12.4081	17.677799999999998	53.6385	16.275100000000002	30.0859	24.693399999999997	94.317	0.589594	0.42631	0.750918	0.612063				3252946367.0
6078Oligo	39341667746.0	27071498980.0	80936.0	1212832578.0	2037331316.0	13798584853.0	10022687691.0	0.0	14898068.0	2943363.0	0.00030000000000000003	4.4801	7.5257000000000005	50.9709	37.023	12.0059	8.2614	83.50269999999999	0.985033	0.163342	0.549978	0.480615				12270168766.0
6221N	13790696818.0	7443660521.0	260324.0	774716354.0	1218067475.0	3630049544.0	1820623158.0	0.0	8944686.0	797770.0	0.0034999999999999996	10.4077	16.3638	48.766999999999996	24.4587	26.7716	14.450199999999999	91.81139999999999	1.077781	0.128732	0.518444	0.477191				6347036297.0
6221Oligo	7413002532.0	1165708649.0	22046.0	48341225.0	87722746.0	563415528.0	466212229.0	0.0	588780.0	133893.0	0.0019000000000000002	4.1469	7.5253	48.3324	39.9939	11.6722	1.8355	81.4725	1.688363	0.0	0.0	?				6247293883.0
6337N	18166155264.0	14812021634.0	47112.0	1154386617.0	1691445276.0	9065468459.0	2900683208.0	0.0	14329445.0	1314170.0	0.00030000000000000003	7.7936000000000005	11.4194	61.2035	19.5833	19.213	15.6656	91.5993	0.81931	0.254064	0.597786	0.445474				3354133630.0
6401Oligo	20553213094.0	8224635238.0	552962.0	985723451.0	1718246878.0	4319730209.0	1200515517.0	0.0	12918272.0	795635.0	0.0067	11.985	20.8915	52.5218	14.5966	32.8765	13.1559	94.1983	0.690074	0.49051	0.79196	0.626726				12328577856.0
6469Oligo	258210.0	64673.0	0.0	2559.0	7064.0	35974.0	19076.0	0.0	45.0	8.0	0.0	3.9568	10.922600000000001	55.624399999999994	29.4961	14.8795	3.7268000000000003	84.9057	0.0	0.0	0.0	0.0				193537.0
6677N	19310587586.0	16438129606.0	120196.0	2200258271.0	3336318877.0	8997473845.0	1903987383.0	0.0	28029338.0	878459.0	0.0007	13.3851	20.2962	54.7354	11.582699999999999	33.6813	28.671200000000002	96.9612	0.542645	0.426676	0.754477	0.565055				2872457980.0
6677Oligo	14462728660.0	6109926399.0	27482.0	436976590.0	687184569.0	3127221035.0	1858522408.0	0.0	5504121.0	540983.0	0.00039999999999999996	7.1518999999999995	11.247	51.1826	30.4181	18.3989	7.7728	91.0509	1.116775	0.092159	0.443447	0.429103				8352802261.0
6916N	15603676808.0	12622302872.0	116874.0	1501065530.0	2529296095.0	6961406693.0	1630445738.0	0.0	20007697.0	735523.0	0.0009	11.8922	20.0383	55.1516	12.917200000000001	31.930500000000002	25.829600000000003	96.4542	0.691982	0.337874	0.742022	0.498417				2981373936.0
6916Oligo	14969087228.0	2495438284.0	2416.0	257720065.0	378773011.0	1444200533.0	414742851.0	0.0	3210452.0	177124.0	9.999999999999999e-05	10.3276	15.178600000000001	57.8736	16.619999999999997	25.5063	4.2521	94.7714	0.766988	0.357622	0.683848	0.567794				12473648944.0
6951N	11193699460.0	4928440047.0	101472.0	431395077.0	572723256.0	2706423116.0	1217820764.0	0.0	5107256.0	366171.0	0.0021	8.7532	11.620800000000001	54.91439999999999	24.710099999999997	20.374	8.970400000000001	93.31	0.680242	0.421546	0.722661	0.603424				6265259413.0
6951Oligo	19014227436.0	9579428139.0	60400.0	875968507.0	1181212498.0	4864344526.0	2657857123.0	0.0	9914448.0	795758.0	0.0006000000000000001	9.1443	12.3307	50.7791	27.7455	21.475	10.8192	92.5701	0.924537	0.245523	0.553701	0.519466				9434799297.0
7090N	17467340552.0	14579322959.0	223178.0	1419026326.0	2198126553.0	9065454421.0	1896545187.0	0.0	18222972.0	952350.0	0.0015	9.7331	15.076999999999998	62.1802	13.008500000000002	24.8102	20.708099999999998	95.0335	0.632655	0.404361	0.70063	0.558073				2888017593.0
7090Oligo	18763469588.0	13390393308.0	112042.0	1206135899.0	1944462689.0	8037107477.0	2202601583.0	0.0	15295944.0	953568.0	0.0007999999999999999	9.0075	14.5213	60.0214	16.4491	23.5288	16.7911	94.1317	1.037531	0.156412	0.571058	0.476838				5373076280.0
7680N	10996380512.0	5898165519.0	146470.0	559852556.0	799367739.0	3499998644.0	1038834505.0	0.0	6948905.0	532353.0	0.0025	9.492	13.552800000000001	59.3405	17.6128	23.0448	12.3606	92.88419999999999	0.679993	0.494206	0.666833	0.684723				5098214993.0
8135N	12296286360.0	3611983025.0	444544.0	62603762.0	314425672.0	1294582000.0	1940033722.0	0.0	766062.0	805563.0	0.0123	1.7332	8.7051	35.8413	53.711	10.4383	3.0662	48.7433	1.258957	0.032336	0.323092	0.509615				8684303335.0
8135Oligo	14176201630.0	4695936197.0	144960.0	172597640.0	403847646.0	2015414255.0	2103965521.0	0.0	2099799.0	576927.0	0.0031000000000000003	3.6755000000000004	8.5999	42.918299999999995	44.804	12.2754	4.0663	78.4465	1.627138	0.0	0.0	?				9480265433.0
8589N	15830600816.0	13371703655.0	83050.0	1838904393.0	2623309197.0	6995423193.0	1914003329.0	0.0	22035349.0	807357.0	0.0006000000000000001	13.7522	19.6184	52.3151	14.313799999999999	33.3706	28.187299999999997	96.4656	0.591141	0.413865	0.722987	0.604952				2458897161.0
AATCCAGC	10028386254.0	4371269776.0	138316.0	534705393.0	735785429.0	2201485979.0	899187704.0	0.0	6385386.0	355971.0	0.0031999999999999997	12.2323	16.8323	50.3626	20.5704	29.064600000000002	12.668899999999999	94.7196	1.036551	0.118459	0.577339	0.465387				5657116478.0
AOA02	14594839776.0	11778661833.0	11434.0	1294825924.0	1859930543.0	7168343273.0	1455552259.0	0.0	17468409.0	363994.0	9.999999999999999e-05	10.993	15.7907	60.8587	12.3575	26.7837	21.615599999999997	97.9588	0.807517	0.201801	0.829168	0.260758				2816177943.0
AOA03	9437383112.0	6459318157.0	159824.0	479793449.0	777010056.0	3258012950.0	1944378663.0	0.0	6145920.0	739967.0	0.0025	7.4279	12.0293	50.439	30.101899999999997	19.4572	13.317300000000001	89.2539	0.720548	0.242297	0.795997	0.303429				2978064955.0
AOB02	13300272228.0	9231119672.0	38210.0	791023193.0	1228431996.0	5558643096.0	1652991689.0	0.0	10890585.0	334656.0	0.00039999999999999996	8.5691	13.3075	60.216300000000004	17.9067	21.8766	15.1836	97.0187	1.136395	0.016006	0.563099	0.163739				4069152556.0
AOB03	9024570604.0	6978200294.0	207662.0	960227206.0	1629200693.0	3419232963.0	969379110.0	0.0	12173843.0	610621.0	0.003	13.7604	23.347	48.998799999999996	13.8915	37.1074	28.693099999999998	95.2237	0.576729	0.393221	0.777603	0.52519				2046370310.0
AOC01	12823354136.0	10218775274.0	367770.0	1193584214.0	1868392975.0	5975772618.0	1180743413.0	0.0	15590273.0	559429.0	0.0036	11.6803	18.2839	58.47839999999999	11.554599999999999	29.9642	23.8781	96.536	0.53343	0.515483	0.783102	0.637584				2604578862.0
AOC02	15414651656.0	11213835225.0	295872.0	1182776093.0	2024442841.0	6534658938.0	1471729776.0	0.0	16889754.0	573816.0	0.0026	10.5475	18.0531	58.2732	13.1242	28.6006	20.8063	96.71419999999999	0.664778	0.27555	0.816177	0.317996				4200816431.0
AOD01	13370206598.0	11269750622.0	67724.0	1242253769.0	1956262735.0	6127101736.0	1944079576.0	0.0	16756170.0	546773.0	0.0006000000000000001	11.0229	17.3585	54.3677	17.2504	28.3814	23.9227	96.84	0.638197	0.305754	0.862362	0.366417				2100455976.0
AOD02	12574738664.0	10280272237.0	319604.0	1303843566.0	1870691682.0	5930105397.0	1175386241.0	0.0	16566411.0	472055.0	0.0031000000000000003	12.683	18.1969	57.6843	11.4334	30.8799	25.245299999999997	97.2295	0.567463	0.378312	0.793148	0.47				2294466427.0
AOE01	15776965118.0	13671824605.0	11734.0	1140941654.0	1673213612.0	8040597658.0	2817060757.0	0.0	15125498.0	870202.0	9.999999999999999e-05	8.3452	12.2384	58.811400000000006	20.6049	20.5836	17.8371	94.55980000000001	0.656269	0.309695	0.826416	0.380503				2105140513.0
AOE02	13027012392.0	8226507611.0	378666.0	856168685.0	1380435101.0	4652693162.0	1336921223.0	0.0	11351101.0	620667.0	0.0046	10.407399999999999	16.7803	56.5573	16.2514	27.1878	17.169	94.8156	0.655559	0.416017	0.745962	0.550996				4800504781.0
AOF01	14423220686.0	8760576523.0	9324.0	635413008.0	1139161189.0	5304599078.0	1681395964.0	0.0	9595401.0	407511.0	9.999999999999999e-05	7.2531	13.003300000000001	60.5508	19.1928	20.2564	12.303600000000001	95.9261	0.776646	0.238648	0.877499	0.260208				5662644163.0
AOF02	15719087600.0	11001355357.0	679596.0	1229550939.0	1518119592.0	6345389861.0	1907770641.0	0.0	14334148.0	583780.0	0.006200000000000001	11.176400000000001	13.7994	57.67830000000001	17.3412	24.9757	17.4798	96.08670000000001	0.820442	0.251275	0.666839	0.372579				4717732243.0
AOG01	13692327680.0	10580061068.0	19860.0	792341176.0	1325101788.0	6393836644.0	2068765968.0	0.0	11569109.0	520262.0	0.00019999999999999998	7.489	12.5245	60.432900000000004	19.5534	20.0135	15.464400000000001	95.6965	0.799498	0.299738	0.820131	0.369262				3112266612.0
AOG02	14252054002.0	8559900606.0	333168.0	702683499.0	1093918900.0	5255769434.0	1507275207.0	0.0	9203153.0	600924.0	0.0039	8.209	12.779599999999999	61.399899999999995	17.6086	20.988599999999998	12.6059	93.8707	0.945986	0.21592	0.609854	0.454453				5692153396.0
AOH01	22134357656.0	16405189674.0	30394.0	1113805357.0	1660179770.0	9014250924.0	4616929120.0	0.0	14465033.0	1256540.0	0.00019999999999999998	6.7893	10.1198	54.947599999999994	28.143099999999997	16.9092	12.532499999999999	92.0075	0.663867	0.306247	0.865746	0.37157				5729167982.0
AOH02	12404929348.0	10219860718.0	117066.0	1421501845.0	2387124252.0	5201761358.0	1209384186.0	0.0	18649772.0	630129.0	0.0011	13.909199999999998	23.3577	50.8986	11.8337	37.2669	30.7025	96.7317	0.562067	0.382432	0.783077	0.487584				2185068630.0
