Sample	PF_BASES	PF_ALIGNED_BASES	RIBOSOMAL_BASES	CODING_BASES	UTR_BASES	INTRONIC_BASES	INTERGENIC_BASES	IGNORED_READS	CORRECT_STRAND_READS	INCORRECT_STRAND_READS	PCT_RIBOSOMAL_BASES	PCT_CODING_BASES	PCT_UTR_BASES	PCT_INTRONIC_BASES	PCT_INTERGENIC_BASES	PCT_MRNA_BASES	PCT_USABLE_BASES	PCT_CORRECT_STRAND_READS	MEDIAN_CV_COVERAGE	MEDIAN_5PRIME_BIAS	MEDIAN_3PRIME_BIAS	MEDIAN_5PRIME_TO_3PRIME_BIAS	SAMPLE	LIBRARY	READ_GROUP	PF_NOT_ALIGNED_BASES
BSS2018_A01	16496397566.0	8573424373.0	11476.0	1374089333.0	1686732532.0	3822062236.0	1690530832.0	0.0	14788556.0	544408.0	9.999999999999999e-05	16.0273	19.674	44.5803	19.7183	35.7013	18.554499999999997	96.4494	0.577802	0.565795	0.798586	0.679442				7922973193.0
BSS2018_A02	22101691518.0	11595901678.0	5738.0	497140614.0	936664534.0	3025953083.0	7136139508.0	0.0	5261190.0	1238531.0	0.0	4.2872	8.0775	26.095000000000002	61.5402	12.364799999999999	6.4873	80.9449	0.774624	0.405166	0.690537	0.582058				10505789840.0
BSS2018_B01	17661022816.0	10895093816.0	6946.0	1655961419.0	1692940257.0	4494466022.0	3051720376.0	0.0	17632117.0	634175.0	9.999999999999999e-05	15.199099999999998	15.538599999999999	41.2522	28.01	30.7377	18.9621	96.5282	0.63434	0.456255	0.82239	0.589007				6765929000.0
BSS2018_B02	21101707910.0	12934942622.0	18120.0	904783955.0	1124258073.0	5992033496.0	4913853526.0	0.0	9462973.0	1870415.0	9.999999999999999e-05	6.9948999999999995	8.6916	46.3244	37.989	15.6865	9.6155	83.49640000000001	0.631261	0.497919	0.79366	0.649146				8166765288.0
BSS2018_C01	17059647498.0	11279891440.0	13892.0	2049487721.0	1979142811.0	4633861742.0	2617388224.0	0.0	20673649.0	889077.0	9.999999999999999e-05	18.1694	17.5458	41.0807	23.204	35.7152	23.615	95.87679999999999	0.526367	0.540706	0.828375	0.668198				5779756058.0
BSS2018_C02	24744146218.0	15261578290.0	9362.0	1848655752.0	2100017654.0	6753507895.0	4559389424.0	0.0	19794108.0	997414.0	9.999999999999999e-05	12.113100000000001	13.760200000000001	44.2517	29.875	25.8733	15.958	95.2028	0.669463	0.445335	0.725575	0.600923				9482567928.0
BSS2018_D01	25871954950.0	14747353855.0	18120.0	1915558391.0	2085696393.0	5089672217.0	5656412248.0	0.0	19797643.0	1071273.0	9.999999999999999e-05	12.9892	14.1429	34.5124	38.3554	27.132	15.465599999999998	94.86670000000001	0.646446	0.467844	0.726124	0.614394				11124601095.0
BSS2018_D02	26209232778.0	17675987097.0	6946.0	2774171758.0	2904202568.0	7870745113.0	4126861720.0	0.0	30023916.0	860006.0	0.0	15.6946	16.4302	44.527899999999995	23.3473	32.1248	21.665499999999998	97.2154	0.602286	0.501072	0.840834	0.594988				8533245681.0
BSS2018_E01	22362265272.0	14654769132.0	17818.0	948816486.0	1084110163.0	6492312334.0	6129515395.0	0.0	9345870.0	2233850.0	9.999999999999999e-05	6.4745	7.3977	44.3017	41.8261	13.872100000000001	9.0909	80.7089	0.604126	0.565988	0.720176	0.747195				7707496140.0
BSS2018_E02	23511331180.0	17617807875.0	10268.0	3334340398.0	3226853401.0	7666332185.0	3390272972.0	0.0	34538960.0	770156.0	9.999999999999999e-05	18.926000000000002	18.3159	43.5147	19.2434	37.241800000000005	27.9065	97.8188	0.478275	0.56622	0.862034	0.658115				5893523305.0
BSS2018_F01	18605529628.0	13560768263.0	13288.0	1002896657.0	1229264998.0	6380632157.0	4947963151.0	0.0	10603222.0	1701214.0	9.999999999999999e-05	7.395599999999999	9.0649	47.0521	36.4873	16.4604	11.9973	86.17399999999999	0.512268	0.546995	0.849011	0.628475				5044761365.0
BSS2018_F02	22183171118.0	15661224733.0	13892.0	3318346715.0	3220619062.0	6082160699.0	3040086832.0	0.0	34629757.0	679710.0	9.999999999999999e-05	21.188299999999998	20.5643	38.8358	19.4116	41.7526	29.4771	98.075	0.496461	0.572366	0.836613	0.668189				6521946385.0
BSS2018_G01	18911525088.0	11283192476.0	20234.0	784764217.0	1018007570.0	5411088170.0	4069316458.0	0.0	8726434.0	1519443.0	0.00019999999999999998	6.9552000000000005	9.0223	47.957100000000004	36.0653	15.9775	9.5327	85.1702	0.627159	0.505842	0.719485	0.69758				7628332612.0
BSS2018_G02	23621332566.0	16203558396.0	4530.0	3335365487.0	3168567128.0	5947014453.0	3752607836.0	0.0	34179203.0	730498.0	0.0	20.5842	19.5548	36.701899999999995	23.1592	40.1389	27.5341	97.9075	0.495001	0.554945	0.861674	0.662025				7417774170.0
BSS2018_H01	17037400668.0	10608216858.0	19630.0	1519802085.0	1649304823.0	4977619282.0	2461474204.0	0.0	16215483.0	945935.0	0.00019999999999999998	14.326600000000001	15.5474	46.9223	23.2035	29.8741	18.6009	94.488	0.575429	0.539893	0.820725	0.657861				6429183810.0
BSS2018_H02	21703661558.0	14119338131.0	15402.0	2771158504.0	2755759151.0	5348227203.0	3244180199.0	0.0	28867254.0	751139.0	9.999999999999999e-05	19.6267	19.517599999999998	37.878699999999995	22.9769	39.1443	25.4654	97.46390000000001	0.509509	0.566662	0.825546	0.689645				7584323427.0
BSS_A01	12805244544.0	8867775651.0	2718.0	1760610808.0	1675927396.0	4026287653.0	1404947470.0	0.0	18381618.0	500405.0	0.0	19.854	18.8991	45.4036	15.8433	38.7531	26.837	97.3498	0.417337	0.668546	0.875316	0.716341				3937468893.0
BSS_A02	14289822486.0	10409189026.0	7550.0	2198197701.0	2024440427.0	4357829609.0	1828714957.0	0.0	22465417.0	545158.0	9.999999999999999e-05	21.1179	19.4486	41.8652	17.5683	40.5664	29.549999999999997	97.6308	0.404196	0.642569	0.839403	0.742707				3880633460.0
BSS_A03	15116974514.0	11032813016.0	3624.0	2279420580.0	2059756242.0	4677012414.0	2016621200.0	0.0	22969527.0	576053.0	0.0	20.660400000000003	18.6694	42.3918	18.2784	39.3297	28.704	97.5535	0.414197	0.622415	0.848729	0.7195				4084161498.0
BSS_A04	12796917196.0	7933932258.0	5436.0	1515948303.0	1475830333.0	3100452580.0	1841696590.0	0.0	15456152.0	514401.0	9.999999999999999e-05	19.1071	18.6015	39.0784	23.2129	37.7086	23.378899999999998	96.7791	0.516521	0.570115	0.816015	0.726378				4862984938.0
BSS_A05	13664166670.0	9515269773.0	8154.0	490415830.0	651337540.0	4591627238.0	3781882431.0	0.0	5195829.0	1553466.0	9.999999999999999e-05	5.154	6.8452	48.2554	39.7454	11.9992	8.355799999999999	76.9833	0.533746	0.543331	0.754467	0.694495				4148896897.0
BSS_A06	12685079650.0	8100835794.0	9060.0	420085932.0	597779637.0	3727086056.0	3355876936.0	0.0	4483499.0	1172543.0	9.999999999999999e-05	5.1857	7.3792	46.008700000000005	41.4263	12.564900000000002	8.0241	79.2692	0.6717	0.469439	0.65569	0.702563				4584243856.0
BSS_A07	12399055148.0	9501699844.0	11476.0	1934160839.0	1712004502.0	4215405806.0	1640119327.0	0.0	19808621.0	456039.0	9.999999999999999e-05	20.3559	18.0179	44.364799999999995	17.2613	38.3738	29.4068	97.7496	0.399556	0.585118	0.87224	0.701365				2897355304.0
BSS_B01	12077495212.0	7258197158.0	10268.0	847957395.0	914987733.0	3204054514.0	2291189054.0	0.0	8747299.0	1019823.0	9.999999999999999e-05	11.6828	12.606300000000001	44.1439	31.566899999999997	24.288999999999998	14.596899999999998	89.5586	0.476671	0.600491	0.855234	0.696429				4819298054.0
BSS_B02	14151359412.0	9730455563.0	4530.0	2036428224.0	1900267166.0	3712455996.0	2081300832.0	0.0	20384849.0	619739.0	0.0	20.9284	19.5291	38.153	21.3896	40.4575	27.8185	97.0495	0.499623	0.606917	0.81876	0.735957				4420903849.0
BSS_B03	14477596422.0	7851961635.0	0.0	607343710.0	903439297.0	1745477844.0	4595700784.0	0.0	6141161.0	582187.0	0.0	7.7349	11.505899999999999	22.2298	58.52929999999999	19.2408	10.4353	91.3408	0.696408	0.511828	0.693705	0.729838				6625634787.0
BSS_B04	14556154474.0	9723727866.0	9362.0	2159954926.0	1939478398.0	4101195613.0	1523090967.0	0.0	21841813.0	575853.0	9.999999999999999e-05	22.2132	19.9458	42.1772	15.6637	42.1591	28.1629	97.4313	0.459616	0.596246	0.851282	0.659809				4832426608.0
BSS_B05	17475379792.0	12441393776.0	11476.0	2892484272.0	2629563635.0	4903106182.0	2016230479.0	0.0	28352582.0	795798.0	9.999999999999999e-05	23.2489	21.1356	39.4096	16.2058	44.384499999999996	31.599	97.26979999999999	0.457491	0.603552	0.822996	0.723508				5033986016.0
BSS_B06	19803972234.0	14588154995.0	10268.0	3033774629.0	2765493328.0	6498455343.0	2290423604.0	0.0	31033150.0	719503.0	9.999999999999999e-05	20.796200000000002	18.9571	44.5461	15.700600000000001	39.7533	29.283399999999997	97.734	0.431248	0.623904	0.834188	0.724409				5215817239.0
BSS_C01	15253137254.0	10612586126.0	6644.0	2350105957.0	2098746750.0	4381525640.0	1782202354.0	0.0	23814312.0	604120.0	9.999999999999999e-05	22.1445	19.776	41.2861	16.7933	41.9205	29.1668	97.526	0.40324	0.635209	0.869639	0.719152				4640551128.0
BSS_C02	16211621230.0	9120951412.0	3926.0	697371803.0	1036641868.0	2221048518.0	5165886029.0	0.0	7293297.0	707589.0	0.0	7.6457999999999995	11.3655	24.3511	56.6376	19.011300000000002	10.6961	91.1561	0.654116	0.465411	0.723157	0.650812				7090669818.0
BSS_C03	15285572658.0	9673774759.0	13590.0	1898309698.0	1731569999.0	4204204939.0	1839679756.0	0.0	19434438.0	595383.0	9.999999999999999e-05	19.6233	17.8996	43.4598	19.017200000000003	37.5229	23.7471	97.0275	0.544867	0.550534	0.83724	0.628861				5611797899.0
BSS_C04	12428890030.0	8497778868.0	2114.0	1697015570.0	1576813866.0	3426754359.0	1797193283.0	0.0	17287348.0	475846.0	0.0	19.9701	18.5556	40.3253	21.149	38.5257	26.3405	97.32119999999999	0.448765	0.612052	0.870219	0.708875				3931111162.0
BSS_C05	14085333454.0	9862004793.0	13590.0	1522099048.0	1400987581.0	4239686859.0	2699219979.0	0.0	15147093.0	1026296.0	9.999999999999999e-05	15.434000000000001	14.2059	42.9901	27.3699	29.6399	20.752699999999997	93.65440000000001	0.444059	0.615943	0.832596	0.718882				4223328661.0
BSS_C06	17763585640.0	12307291780.0	12382.0	1057362673.0	1198557134.0	5679348313.0	4372013321.0	0.0	10964079.0	1575460.0	9.999999999999999e-05	8.5914	9.7386	46.1462	35.5238	18.3299	12.6997	87.43610000000001	0.592035	0.545215	0.724493	0.695764				5456293860.0
BSS_D01	15661717886.0	10777168023.0	8456.0	2446486611.0	2268867850.0	4459752753.0	1602053588.0	0.0	25013417.0	644287.0	9.999999999999999e-05	22.7006	21.0525	41.381499999999996	14.865300000000001	43.7532	30.107499999999998	97.4889	0.410042	0.634339	0.866302	0.701945				4884549863.0
BSS_D02	15157043572.0	10300966982.0	4530.0	2018712602.0	2008317023.0	4725938326.0	1547995443.0	0.0	20534786.0	712149.0	0.0	19.5973	19.4964	45.878600000000006	15.0277	39.0937	26.5687	96.64819999999999	0.507	0.58359	0.845433	0.697981				4856076590.0
BSS_D03	17064266588.0	10835262141.0	7248.0	2280221367.0	2085018664.0	4213471051.0	2256545535.0	0.0	22734525.0	1099716.0	9.999999999999999e-05	21.0445	19.2429	38.886700000000005	20.8259	40.2874	25.5812	95.38600000000001	0.478207	0.52855	0.862074	0.619593				6229004447.0
BSS_D04	15066432398.0	10536201818.0	4832.0	1883199520.0	1833386019.0	3999351982.0	2820259861.0	0.0	18662862.0	613282.0	0.0	17.8736	17.4008	37.9582	26.7673	35.2744	24.668	96.81840000000001	0.497212	0.55488	0.828694	0.654651				4530230580.0
BSS_D05	20042645854.0	13487023423.0	4530.0	2626229778.0	2423000370.0	5447173054.0	2990616435.0	0.0	26306741.0	757938.0	0.0	19.4723	17.965400000000002	40.3883	22.174	37.4377	25.1924	97.1995	0.488368	0.557791	0.815457	0.673784				6555622431.0
BSS_D06	14160237910.0	9471905991.0	5134.0	2019411871.0	1878423722.0	3912611195.0	1661455255.0	0.0	20357759.0	557055.0	9.999999999999999e-05	21.32	19.8315	41.307500000000005	17.5409	41.1515	27.526600000000002	97.33659999999999	0.488144	0.621104	0.8163	0.735452				4688331919.0
BSS_E01	16674678434.0	10472244939.0	5134.0	1985354527.0	1946321268.0	3540062501.0	3000502569.0	0.0	19771411.0	685151.0	0.0	18.9583	18.5855	33.8042	28.652	37.5438	23.5787	96.6507	0.472847	0.576432	0.877877	0.678948				6202433495.0
BSS_E02	15169776798.0	10542664726.0	3926.0	2186377914.0	2057873620.0	4405483230.0	1892926736.0	0.0	22321380.0	560770.0	0.0	20.738400000000002	19.5195	41.7872	17.9549	40.2579	27.9783	97.5493	0.514207	0.582683	0.869391	0.67184				4627112072.0
BSS_E03	14252770408.0	9815060527.0	3926.0	2064420338.0	1938333542.0	4368585573.0	1443717828.0	0.0	21263276.0	533606.0	0.0	21.0332	19.7486	44.509	14.7092	40.781800000000004	28.083999999999996	97.5519	0.471418	0.602172	0.839233	0.690533				4437709881.0
BSS_E04	14745038562.0	10655149220.0	6644.0	2132135205.0	1970173474.0	4426250577.0	2126584466.0	0.0	21632857.0	625556.0	9.999999999999999e-05	20.0104	18.4903	41.541	19.9583	38.5007	27.821600000000004	97.1896	0.424088	0.553648	0.878969	0.640718				4089889342.0
BSS_E05	20369824198.0	14498353490.0	6644.0	3111440462.0	2762117586.0	5746082392.0	2878707638.0	0.0	31211015.0	779319.0	0.0	21.4606	19.051299999999998	39.6327	19.8554	40.5119	28.8346	97.5639	0.438488	0.601249	0.83113	0.724639				5871470708.0
BSS_E06	15393709496.0	10734771179.0	4530.0	2231996737.0	2027012607.0	4680177087.0	1795581225.0	0.0	22933003.0	503968.0	0.0	20.7922	18.8827	43.5983	16.7268	39.6749	27.667199999999998	97.8497	0.440358	0.61717	0.863152	0.722091				4658938317.0
BSS_F01	13081479414.0	7375768497.0	12986.0	852391403.0	941074589.0	3357828006.0	2224464389.0	0.0	9101592.0	773637.0	0.00019999999999999998	11.5566	12.759	45.5251	30.1591	24.3156	13.71	92.1659	0.588309	0.507525	0.793281	0.651804				5705710917.0
BSS_F02	10998269220.0	8585504323.0	6644.0	1712085856.0	1546419227.0	3678418622.0	1648575452.0	0.0	17241458.0	474144.0	9.999999999999999e-05	19.9416	18.012	42.844500000000004	19.2018	37.9536	29.627399999999998	97.3236	0.414047	0.582509	0.811393	0.718726				2412764897.0
BSS_F03	12038381984.0	8475668522.0	6342.0	1568528835.0	1483460772.0	3841825315.0	1581848588.0	0.0	16236731.0	574433.0	9.999999999999999e-05	18.5063	17.502599999999997	45.3277	18.6634	36.0088	25.352200000000003	96.583	0.499978	0.573439	0.818754	0.691832				3562713462.0
BSS_F04	13729282702.0	9811343408.0	8154.0	2074281454.0	1879107008.0	4257363770.0	1600584574.0	0.0	21442136.0	459217.0	9.999999999999999e-05	21.1417	19.1524	43.3923	16.3136	40.2941	28.7953	97.9032	0.397879	0.617252	0.860458	0.732452				3917939294.0
BSS_F05	20489758666.0	14483255874.0	5134.0	2957656036.0	2609474456.0	5908192264.0	3007928926.0	0.0	29672654.0	775768.0	0.0	20.4212	18.0172	40.7933	20.7683	38.4384	27.170299999999997	97.4522	0.421958	0.61079	0.853254	0.700873				6006502792.0
BSS_F06	13106951000.0	9325777971.0	4228.0	1990971584.0	1782345832.0	3543090679.0	2009366266.0	0.0	19896433.0	532953.0	0.0	21.3491	19.112000000000002	37.992399999999996	21.5464	40.461200000000005	28.7887	97.3912	0.44033	0.634007	0.815251	0.759675				3781173029.0
BSS_G01	16034287434.0	11230431389.0	9362.0	2176080324.0	2051955609.0	5248250492.0	1754136836.0	0.0	22589548.0	601409.0	9.999999999999999e-05	19.3766	18.2714	46.7324	15.6195	37.647999999999996	26.3687	97.4067	0.403701	0.635769	0.875057	0.712788				4803856045.0
BSS_G02	11915315474.0	8340241188.0	11476.0	972695293.0	973244904.0	3691977608.0	2702314134.0	0.0	9803254.0	1154938.0	9.999999999999999e-05	11.6627	11.6693	44.267	32.4009	23.3319	16.3314	89.4605	0.438042	0.648667	0.829	0.761389				3575074286.0
BSS_G03	13062628876.0	8937134278.0	10872.0	1194097394.0	1171267625.0	3939485073.0	2632275403.0	0.0	12165917.0	984190.0	9.999999999999999e-05	13.3611	13.1056	44.080000000000005	29.453200000000002	26.4667	18.1079	92.5157	0.492319	0.599025	0.816338	0.695114				4125494598.0
BSS_G04	13816898338.0	9560879781.0	7852.0	2071573825.0	1854511984.0	3930329016.0	1704458704.0	0.0	20857230.0	576053.0	9.999999999999999e-05	21.6672	19.3969	41.1084	17.827399999999997	41.064099999999996	28.4151	97.3123	0.472248	0.576267	0.811838	0.700879				4256018557.0
BSS_G05	18120727820.0	12334737033.0	12684.0	2430136982.0	2326480639.0	5429493298.0	2148615874.0	0.0	24581717.0	748683.0	9.999999999999999e-05	19.7016	18.8612	44.0179	17.4192	38.5628	26.2496	97.04429999999999	0.482768	0.564669	0.836321	0.665005				5785990787.0
BSS_G06	15656197930.0	8252801349.0	11174.0	1195161531.0	1267804438.0	3737998689.0	2051828384.0	0.0	12496291.0	640375.0	9.999999999999999e-05	14.4819	15.362100000000002	45.2937	24.8622	29.843999999999998	15.7316	95.1253	0.661679	0.483435	0.679312	0.706568				7403396581.0
BSS_H01	11099663908.0	7874963765.0	6342.0	1812782923.0	1620044476.0	3207217006.0	1234914368.0	0.0	18060126.0	436587.0	9.999999999999999e-05	23.0196	20.5721	40.726800000000004	15.681500000000002	43.5917	30.927300000000002	97.63969999999999	0.423336	0.631862	0.847127	0.741412				3224700143.0
BSS_H02	12330900090.0	8549037774.0	4530.0	1727632917.0	1607410493.0	3614546678.0	1599444104.0	0.0	17711678.0	561737.0	9.999999999999999e-05	20.208499999999997	18.8022	42.2802	18.7091	39.0107	27.0462	96.9259	0.452007	0.60325	0.862969	0.691732				3781862316.0
BSS_H03	10921495384.0	7843320390.0	4832.0	1625541884.0	1568295382.0	3308483622.0	1340995782.0	0.0	16880568.0	397465.0	9.999999999999999e-05	20.7252	19.9953	42.182199999999995	17.0973	40.7205	29.243599999999997	97.6996	0.427504	0.632213	0.866839	0.691565				3078174994.0
BSS_H04	12322737634.0	8500683079.0	4228.0	1756750503.0	1623445745.0	3654397973.0	1466085484.0	0.0	18006645.0	467931.0	0.0	20.666	19.0978	42.9895	17.2467	39.763799999999996	27.4306	97.46719999999999	0.452827	0.580169	0.848465	0.673845				3822054555.0
BSS_H05	14889029746.0	9891682811.0	6946.0	1243931854.0	1265779094.0	4045897305.0	3336069136.0	0.0	12505606.0	1041634.0	9.999999999999999e-05	12.5755	12.7964	40.902	33.726	25.371899999999997	16.856099999999998	92.3111	0.47042	0.616021	0.824014	0.776237				4997346935.0
BSS_H06	12941998298.0	8126349818.0	9362.0	255002554.0	418321827.0	3996835412.0	3456182267.0	0.0	2789799.0	1354089.0	9.999999999999999e-05	3.138	5.1477	49.1836	42.5306	8.2857	5.2026	67.3232	0.584293	0.635647	0.758495	0.838141				4815648480.0
